0.008108 1 1 1 0 12 3107999
0.308108 2 1 5 0 12 3107999
0.308112 2 2 9 0 12 3111999
0.308116 2 3 10 0 12 3115999
0.30812 2 4 15 0 12 3119999
0.308124 2 5 16 0 12 3123999
0.308128 2 6 18 0 12 3127999
0.308132 2 7 19 0 12 3131999
0.308136 2 8 21 0 12 3135999
0.30814 2 9 25 0 12 3139999
0.308144 2 10 28 0 12 3143999
0.308148 2 11 29 0 12 3147999
0.308152 2 12 30 0 12 3151999
0.308156 2 13 34 0 12 3155999
0.30816 2 14 37 0 12 3159999
0.309108 1 2 2 0 12 4107999
0.309112 1 3 3 0 12 4111999
0.309116 1 4 4 0 12 4115999
0.30912 1 5 6 0 12 4119999
0.309124 1 6 7 0 12 4123999
0.309128 1 7 8 0 12 4127999
0.309132 1 8 11 0 12 4131999
0.309136 1 9 12 0 12 4135999
0.30914 1 10 13 0 12 4139999
0.309144 1 11 14 0 12 4143999
0.309148 1 12 17 0 12 4147999
0.309152 1 13 20 0 12 4151999
0.309156 1 14 22 0 12 4155999
0.30916 1 15 23 0 12 4159999
0.309164 1 16 24 0 12 4163999
0.309168 1 17 26 0 12 4167999
0.309172 1 18 27 0 12 4171999
0.309176 1 19 31 0 12 4175999
0.30918 1 20 32 0 12 4179999
0.309184 1 21 33 0 12 4183999
0.309188 1 22 35 0 12 4187999
0.309192 1 23 36 0 12 4191999
0.309196 1 24 38 0 12 4195999
0.3092 1 25 39 0 12 4199999
0.309204 1 26 40 0 12 4203999
0.309208 1 27 41 0 12 4207999
0.34532 1 1 1 3 96 4319999
0.34632 1 1 1 3 96 4319999
0.347324 1 1 1 3 96 4323999
0.348316 1 1 1 3 96 4315999
0.34932 1 1 1 3 96 4319999
0.350308 1 1 1 3 860 4307999
0.51614 1 3 3 3 460 4139999
0.516176 1 4 4 3 460 4175999
0.516212 1 5 6 3 460 4211999
0.516248 1 6 7 3 460 4247999
0.516284 1 7 8 3 460 4283999
0.51632 1 8 11 3 460 4319999
0.516356 1 9 12 3 460 4355999
0.516392 1 10 13 3 460 4391999
0.516428 1 11 14 3 460 4427999
0.516464 1 12 17 3 460 4463999
0.5165 1 13 20 3 460 4499999
0.516536 1 14 22 3 460 4535999
0.516572 1 15 23 3 460 4571999
0.516608 1 16 24 3 460 4607999
0.516644 1 17 26 3 460 4643999
0.51668 1 18 27 3 460 4679999
0.516716 1 19 31 3 460 4715999
0.516752 1 20 32 3 460 4751999
0.516788 1 21 33 3 460 4787999
0.516824 1 22 35 3 460 4823999
0.51686 1 23 36 3 460 4859999
0.516896 1 24 38 3 460 4895999
0.516928 1 25 39 3 408 4927999
0.51696 1 26 40 3 408 4959999
0.516992 1 27 41 3 408 4991999
0.517024 1 1 1 3 408 5023999
0.517056 1 2 2 3 408 5055999
0.51714 1 25 39 3 460 4139999
0.517176 1 26 40 3 460 4175999
0.517212 1 27 41 3 460 4211999
0.517248 1 1 1 3 460 4247999
0.517284 1 2 2 3 460 4283999
0.51732 1 3 3 3 460 4319999
0.517356 1 4 4 3 460 4355999
0.517392 1 5 6 3 460 4391999
0.517428 1 6 7 3 460 4427999
0.517464 1 7 8 3 460 4463999
0.5175 1 8 11 3 460 4499999
0.517536 1 9 12 3 460 4535999
0.517572 1 10 13 3 460 4571999
0.517608 1 11 14 3 460 4607999
0.517644 1 12 17 3 460 4643999
0.51768 1 13 20 3 460 4679999
0.517716 1 14 22 3 460 4715999
0.517752 1 15 23 3 460 4751999
0.517788 1 16 24 3 460 4787999
0.517824 1 17 26 3 460 4823999
0.51786 1 18 27 3 460 4859999
0.517896 1 19 31 3 460 4895999
0.517928 1 20 32 3 408 4927999
0.51796 1 21 33 3 408 4959999
0.517992 1 22 35 3 408 4991999
0.518024 1 23 36 3 408 5023999
0.518056 1 24 38 3 408 5055999
0.51814 1 20 32 3 460 4139999
0.518176 1 21 33 3 460 4175999
0.518212 1 22 35 3 460 4211999
0.518248 1 23 36 3 460 4247999
0.518284 1 24 38 3 460 4283999
0.51832 1 25 39 3 460 4319999
0.518356 1 26 40 3 460 4355999
0.518392 1 27 41 3 460 4391999
0.518428 1 1 1 3 460 4427999
0.518464 1 2 2 3 460 4463999
0.5185 1 3 3 3 460 4499999
0.518536 1 4 4 3 460 4535999
0.518572 1 5 6 3 460 4571999
0.518608 1 6 7 3 460 4607999
0.518644 1 7 8 3 460 4643999
0.51868 1 8 11 3 460 4679999
0.518716 1 9 12 3 460 4715999
0.518752 1 10 13 3 460 4751999
0.518788 1 11 14 3 460 4787999
0.518824 1 12 17 3 460 4823999
0.51886 1 13 20 3 460 4859999
0.518896 1 14 22 3 460 4895999
0.518928 1 15 23 3 408 4927999
0.51896 1 16 24 3 408 4959999
0.518992 1 17 26 3 408 4991999
0.519024 1 18 27 3 408 5023999
0.519056 1 19 31 3 408 5055999
0.51914 1 15 23 3 460 4139999
0.519176 1 16 24 3 460 4175999
0.519212 1 17 26 3 460 4211999
0.519248 1 18 27 3 460 4247999
0.519284 1 19 31 3 460 4283999
0.51932 1 20 32 3 460 4319999
0.519356 1 21 33 3 460 4355999
0.519392 1 22 35 3 460 4391999
0.519428 1 23 36 3 460 4427999
0.519464 1 24 38 3 460 4463999
0.5195 1 25 39 3 460 4499999
0.519536 1 26 40 3 460 4535999
0.519572 1 27 41 3 460 4571999
0.519608 1 1 1 3 460 4607999
0.519644 1 2 2 3 460 4643999
0.51968 1 3 3 3 460 4679999
0.519716 1 4 4 3 460 4715999
0.519752 1 5 6 3 460 4751999
0.519788 1 6 7 3 460 4787999
0.519824 1 7 8 3 460 4823999
0.51986 1 8 11 3 460 4859999
0.519896 1 9 12 3 460 4895999
0.519928 1 10 13 3 408 4927999
0.51996 1 11 14 3 408 4959999
0.519992 1 12 17 3 408 4991999
0.520024 1 13 20 3 408 5023999
0.520056 1 14 22 3 408 5055999
0.52014 1 10 13 3 460 4139999
0.520176 1 11 14 3 460 4175999
0.520212 1 12 17 3 460 4211999
0.520248 1 13 20 3 460 4247999
0.520284 1 14 22 3 460 4283999
0.52032 1 15 23 3 460 4319999
0.520356 1 16 24 3 460 4355999
0.520392 1 17 26 3 460 4391999
0.520428 1 18 27 3 460 4427999
0.520464 1 19 31 3 460 4463999
0.5205 1 20 32 3 460 4499999
0.520536 1 21 33 3 460 4535999
0.520572 1 22 35 3 460 4571999
0.520608 1 23 36 3 460 4607999
0.520644 1 24 38 3 460 4643999
0.52068 1 25 39 3 460 4679999
0.520716 1 26 40 3 460 4715999
0.520752 1 27 41 3 460 4751999
0.520788 1 1 1 3 460 4787999
0.520824 1 2 2 3 460 4823999
0.52086 1 3 3 3 460 4859999
0.520896 1 4 4 3 460 4895999
0.520928 1 5 6 3 408 4927999
0.52096 1 6 7 3 408 4959999
0.520992 1 7 8 3 408 4991999
0.521024 1 8 11 3 408 5023999
0.521056 1 9 12 3 408 5055999
0.521132 1 5 6 3 9215 4131999
0.521176 1 6 7 3 8511 4175999
0.52122 1 7 8 3 3115 4219999
0.521244 1 8 11 3 9215 4243999
0.521268 1 9 12 3 9215 4267999
0.521292 1 10 13 3 9215 4291999
0.521316 1 11 14 3 9215 4315999
0.52136 1 12 17 3 772 4359999
0.521384 1 13 20 3 9215 4383999
0.521408 1 14 22 3 9215 4407999
0.521452 1 15 23 3 8511 4451999
0.521476 1 16 24 3 9215 4475999
0.5215 1 17 26 3 9215 4499999
0.521532 1 18 27 3 9215 4531999
0.521576 1 19 31 3 6809 4575999
0.521644 1 21 33 3 9215 4643999
0.521668 1 22 35 3 9215 4667999
0.521712 1 23 36 3 4252 4711999
0.521736 1 24 38 3 9215 4735999
0.52178 1 25 39 3 2123 4779999
0.521824 1 26 40 3 3115 4823999
0.521868 1 27 41 3 9215 4867999
0.521912 1 1 1 3 19589 4911999
0.521956 1 2 2 3 4252 4955999
0.521988 1 3 3 3 9163 4987999
0.522012 1 4 4 3 9163 5011999
0.522112 1 5 6 3 1446 4111999
0.522124 1 6 7 3 2152 4123999
0.522224 1 7 8 3 7092 4223999
0.522228 1 8 11 3 1446 4227999
0.522232 1 9 12 3 1446 4231999
0.522236 1 10 13 3 1446 4235999
0.52224 1 11 14 3 1446 4239999
0.52234 1 12 17 3 1767 4339999
0.522344 1 13 20 3 1446 4343999
0.522348 1 14 22 3 1446 4347999
0.52236 1 15 23 3 2152 4359999
0.522364 1 16 24 3 1446 4363999
0.522368 1 17 26 3 1446 4367999
0.522376 1 18 27 3 1446 4375999
0.522404 1 19 31 3 3855 4403999
0.522476 1 21 33 3 1446 4475999
0.52248 1 22 35 3 1446 4479999
0.522548 1 23 36 3 6413 4547999
0.522552 1 24 38 3 1446 4551999
0.52266 1 25 39 3 5221 4659999
0.522768 1 26 40 3 7550 4767999
0.522776 1 27 41 3 1446 4775999
0.522884 1 1 1 3 48093 4883999
0.522952 1 2 2 3 6413 4951999
0.52296 1 3 3 3 1446 4959999
0.522964 1 4 4 3 1446 4963999
0.523164 1 6 7 3 7161 4163999
0.523212 1 7 8 3 3322 4211999
0.52322 2 1 5 3 1432 3219999
0.523232 1 8 11 3 7162 4231999
0.523252 1 9 12 3 7162 4251999
0.523272 1 10 13 3 7162 4271999
0.523292 1 11 14 3 7162 4291999
0.523344 1 12 17 3 914 4343999
0.523364 1 13 20 3 7162 4363999
0.523384 1 14 22 3 7162 4383999
0.523424 1 15 23 3 7161 4423999
0.523444 1 16 24 3 7162 4443999
0.523464 1 17 26 3 7162 4463999
0.523488 1 18 27 3 7162 4487999
0.523536 1 19 31 3 7161 4535999
0.523604 1 21 33 3 7162 4603999
0.523624 1 22 35 3 7162 4623999
0.523672 1 23 36 3 4296 4671999
0.523692 1 24 38 3 7162 4691999
0.523744 1 25 39 3 2509 4743999
0.523788 1 26 40 3 2863 4787999
0.523824 1 27 41 3 7162 4823999
0.52388 1 1 1 3 24933 4879999
0.523952 1 3 3 3 7162 4951999
0.523972 1 4 4 3 7162 4971999
0.524116 1 5 6 3 4296 4115999
0.52414 1 6 7 3 4296 4139999
0.52422 1 7 8 3 5672 4219999
0.524232 1 8 11 3 4296 4231999
0.524244 1 9 12 3 4296 4243999
0.524256 1 10 13 3 4296 4255999
0.524268 1 11 14 3 4296 4267999
0.524348 1 12 17 3 1413 4347999
0.52436 1 13 20 3 4296 4359999
0.524372 1 14 22 3 4296 4371999
0.524396 1 15 23 3 4296 4395999
0.524408 1 16 24 3 4296 4407999
0.52442 1 17 26 3 4296 4419999
0.524464 1 19 31 3 4296 4463999
0.524552 1 21 33 3 4296 4551999
0.524564 1 22 35 3 4296 4563999
0.52464 1 23 36 3 7161 4639999
0.524652 1 24 38 3 4296 4651999
0.524732 1 25 39 3 3864 4731999
0.524812 1 26 40 3 5672 4811999
0.524832 1 27 41 3 4296 4831999
0.524912 1 1 1 3 35622 4911999
0.525004 1 3 3 3 4296 5003999
0.525016 1 4 4 3 4296 5015999
0.525164 1 6 7 3 7161 4163999
0.525172 2 1 5 3 869 3171999
0.525216 1 7 8 3 3685 4215999
0.525236 2 2 9 3 817 3235999
0.525236 1 8 11 3 7161 4235999
0.525256 1 9 12 3 7161 4255999
0.525276 1 10 13 3 7161 4275999
0.525296 1 11 14 3 7161 4295999
0.5253 2 3 10 3 817 3299999
0.525364 2 4 15 3 817 3363999
0.525368 1 13 20 3 7161 4367999
0.525388 1 14 22 3 7161 4387999
0.525428 2 5 16 3 817 3427999
0.525428 1 15 23 3 7161 4427999
0.525448 1 16 24 3 7161 4447999
0.525468 1 17 26 3 7161 4467999
0.525492 2 6 18 3 817 3491999
0.525492 1 18 27 3 7161 4491999
0.525608 1 21 33 3 7161 4607999
0.52562 2 8 21 3 817 3619999
0.525628 1 22 35 3 7161 4627999
0.525676 1 23 36 3 4296 4675999
0.525684 2 9 25 3 817 3683999
0.525696 1 24 38 3 7161 4695999
0.525748 2 10 28 3 817 3747999
0.525748 1 25 39 3 2509 4747999
0.525812 2 11 29 3 817 3811999
0.525836 2 12 30 3 305 3835999
0.525888 1 1 1 3 23151 4887999
0.52596 1 3 3 3 7161 4959999
0.52598 1 4 4 3 7161 4979999
0.525992 2 13 34 3 817 3991999
0.526056 2 14 37 3 817 4055999
0.52616 1 5 6 3 4296 4159999
0.526168 2 2 9 3 817 3167999
0.526232 2 3 10 3 817 3231999
0.526264 1 7 8 3 5672 4263999
0.526276 1 8 11 3 4296 4275999
0.526288 1 9 12 3 4296 4287999
0.526296 2 4 15 3 817 3295999
0.5263 1 10 13 3 4296 4299999
0.526312 1 11 14 3 4296 4311999
0.52636 2 5 16 3 817 3359999
0.526392 1 12 17 3 1413 4391999
0.526404 1 13 20 3 4296 4403999
0.526416 1 14 22 3 4296 4415999
0.526424 2 6 18 3 817 3423999
0.526452 1 16 24 3 4296 4451999
0.526464 1 17 26 3 4296 4463999
0.526484 1 18 27 3 4296 4483999
0.526488 2 7 19 3 817 3487999
0.526524 1 21 33 3 4296 4523999
0.526536 1 22 35 3 4296 4535999
0.526552 2 8 21 3 817 3551999
0.526616 2 9 25 3 817 3615999
0.526624 1 24 38 3 4296 4623999
0.526676 2 10 28 3 765 3675999
0.526704 1 25 39 3 3864 4703999
0.526736 2 11 29 3 765 3735999
0.526796 2 12 30 3 765 3795999
0.526804 2 13 34 3 98 3803999
0.526884 1 1 1 3 35622 4883999
0.526936 2 13 34 3 667 3935999
0.52698 1 3 3 3 4296 4979999
0.526992 1 4 4 3 4296 4991999
0.526996 2 14 37 3 765 3995999
0.527056 2 1 5 3 765 4055999
0.527172 2 10 28 3 869 3171999
0.527232 1 6 7 3 7161 4231999
0.52724 2 11 29 3 869 3239999
0.52728 1 7 8 3 3400 4279999
0.5273 1 8 11 3 7161 4299999
0.527308 2 12 30 3 869 3307999
0.52732 1 9 12 3 7161 4319999
0.52734 1 10 13 3 7161 4339999
0.52736 1 11 14 3 7161 4359999
0.527376 2 13 34 3 869 3375999
0.527408 1 12 17 3 843 4407999
0.527428 1 13 20 3 7161 4427999
0.527444 2 14 37 3 869 3443999
0.527448 1 14 22 3 7161 4447999
0.52746 2 1 5 3 4097 3459999
0.527508 1 16 24 3 7161 4507999
0.527528 2 2 9 3 869 3527999
0.527528 1 17 26 3 7161 4527999
0.527596 2 3 10 3 869 3595999
0.527604 1 19 31 3 7161 4603999
0.527624 1 21 33 3 7161 4623999
0.527644 1 22 35 3 7161 4643999
0.527664 2 4 15 3 869 3663999
0.527712 1 24 38 3 7161 4711999
0.527732 2 5 16 3 869 3731999
0.52776 1 25 39 3 2314 4759999
0.5278 2 6 18 3 869 3799999
0.527844 2 7 19 3 564 3843999
0.527844 1 27 41 3 7161 4843999
0.527892 1 1 1 3 21371 4891999
0.527964 1 3 3 3 7161 4963999
0.527984 2 8 21 3 869 3983999
0.527984 1 4 4 3 7161 4983999
0.528052 2 9 25 3 869 4051999
0.528172 2 10 28 3 869 3171999
0.528172 1 20 32 3 4296 9171999
0.52824 2 11 29 3 869 3239999
0.528248 1 5 6 3 849 4247999
0.528272 1 6 7 3 4296 4271999
0.528308 2 12 30 3 869 3307999
0.528336 1 7 8 3 4537 4335999
0.528348 1 8 11 3 4296 4347999
0.52836 1 9 12 3 4296 4359999
0.528372 1 10 13 3 4296 4371999
0.528376 2 13 34 3 869 3375999
0.52844 2 14 37 3 817 3439999
0.528448 1 12 17 3 1128 4447999
0.528448 2 1 5 3 1446 3447999
0.52846 1 13 20 3 4296 4459999
0.528472 1 14 22 3 4296 4471999
0.528496 1 15 23 3 4296 4495999
0.528508 1 16 24 3 4296 4507999
0.528516 2 2 9 3 869 3515999
0.52852 1 17 26 3 4296 4519999
0.52854 1 18 27 3 4296 4539999
0.528568 1 19 31 3 4296 4567999
0.52858 1 21 33 3 4296 4579999
0.528584 2 3 10 3 869 3583999
0.528592 1 22 35 3 4296 4591999
0.528652 2 4 15 3 869 3651999
0.528656 1 23 36 3 6187 4655999
0.528668 1 24 38 3 4296 4667999
0.52872 2 5 16 3 869 3719999
0.528732 1 25 39 3 3089 4731999
0.528788 2 6 18 3 869 3787999
0.528816 2 7 19 3 356 3815999
0.528816 1 27 41 3 4296 4815999
0.52888 1 1 1 3 28495 4879999
0.528908 1 4 4 3 4296 4907999
0.52892 2 7 19 3 512 3919999
0.528988 2 8 21 3 869 3987999
0.529056 2 9 25 3 869 4055999
0.52912 1 18 27 3 4296 9119999
0.529196 1 20 32 3 7161 9195999
0.529208 2 12 30 3 512 7207999
0.52926 2 1 5 3 2852 3259999
0.52928 2 2 9 3 8090 3279999
0.5293 2 3 10 3 8090 3299999
0.529308 1 7 8 3 3115 4307999
0.529328 1 8 11 3 7161 4327999
0.529348 1 9 12 3 7161 4347999
0.529368 1 10 13 3 7161 4367999
0.52938 2 5 16 3 6187 3379999
0.5294 2 6 18 3 8090 3399999
0.529416 2 8 21 3 6674 3415999
0.529432 1 12 17 3 772 4431999
0.52944 2 9 25 3 6658 3439999
0.529452 1 13 20 3 7161 4451999
0.529456 2 10 28 3 6710 3455999
0.529472 1 14 22 3 7161 4471999
0.529472 2 11 29 3 6710 3471999
0.529488 2 13 34 3 6712 3487999
0.529532 1 16 24 3 7161 4531999
0.529552 1 17 26 3 7161 4551999
0.52958 1 18 27 3 7161 4579999
0.529624 1 19 31 3 6809 4623999
0.529644 1 21 33 3 7161 4643999
0.529664 1 22 35 3 7161 4663999
0.529708 1 23 36 3 4252 4707999
0.529728 1 24 38 3 7161 4727999
0.529772 1 25 39 3 2123 4771999
0.529816 1 26 40 3 3115 4815999
0.529852 1 27 41 3 7161 4851999
0.529896 1 1 1 3 19589 4895999
0.52994 1 2 2 3 3115 4939999
0.529964 1 3 3 3 7161 4963999
0.529984 1 4 4 3 7161 4983999
0.530132 2 2 9 3 1446 3131999
0.530136 2 3 10 3 1446 3135999
0.530148 2 4 15 3 1801 3147999
0.530172 2 5 16 3 3351 3171999
0.530176 1 12 17 3 914 9175999
0.530176 2 6 18 3 1432 3175999
0.530256 2 8 21 3 2850 3255999
0.53026 2 9 25 3 1446 3259999
0.530264 2 10 28 3 1446 3263999
0.530268 2 11 29 3 1446 3267999
0.530324 1 26 40 3 3685 9323999
0.530332 2 13 34 3 1446 3331999
0.53036 1 27 41 3 7161 9359999
0.530436 1 2 2 3 7161 10435999
0.530504 1 5 6 3 609 4503999
0.530528 1 6 7 3 4296 4527999
0.530564 1 7 8 3 2548 4563999
0.530576 1 8 11 3 4296 4575999
0.530588 1 9 12 3 4296 4587999
0.5306 1 10 13 3 4296 4599999
0.530612 1 11 14 3 4296 4611999
0.530624 1 13 20 3 4296 4623999
0.530636 1 14 22 3 4296 4635999
0.53066 1 15 23 3 4296 4659999
0.530672 1 16 24 3 4296 4671999
0.530684 1 17 26 3 4296 4683999
0.530704 1 18 27 3 4296 4703999
0.530716 1 21 33 3 4296 4715999
0.530728 1 22 35 3 4296 4727999
0.530764 1 23 36 3 3478 4763999
0.530776 1 24 38 3 4296 4775999
0.530812 1 25 39 3 1734 4811999
0.530848 1 1 1 3 16027 4847999
0.530864 1 3 3 3 4296 4863999
0.530876 1 4 4 3 4296 4875999
0.531148 1 20 32 3 4252 14147999
0.531156 2 14 37 3 2851 3155999
0.531164 2 1 5 3 2866 3163999
0.531172 2 2 9 3 2866 3171999
0.531176 2 3 10 3 1420 3175999
0.5312 2 4 15 3 1419 3199999
0.531208 2 5 16 3 1419 3207999
0.531212 2 6 18 3 1432 3211999
0.531216 2 8 21 3 1432 3215999
0.531224 1 19 31 3 4296 9223999
0.531224 2 9 25 3 2852 3223999
0.531232 2 10 28 3 2852 3231999
0.53124 2 11 29 3 2852 3239999
0.531296 2 12 30 3 3967 3295999
0.531304 2 13 34 3 2852 3303999
0.53138 1 26 40 3 5672 9379999
0.5314 1 27 41 3 4296 9399999
0.531424 1 5 6 3 7999 4423999
0.531448 1 6 7 3 1695 4447999
0.53148 1 7 8 3 2265 4479999
0.5315 1 8 11 3 7161 4499999
0.53152 1 9 12 3 7161 4519999
0.53154 1 10 13 3 7161 4539999
0.53156 1 11 14 3 7161 4559999
0.531592 1 12 17 3 564 4591999
0.531612 1 13 20 3 7161 4611999
0.531632 1 14 22 3 7161 4631999
0.531656 1 15 23 3 2314 4655999
0.531676 1 16 24 3 7161 4675999
0.531696 1 17 26 3 7161 4695999
0.531724 1 18 27 3 7161 4723999
0.531744 1 21 33 3 7161 4743999
0.531764 1 22 35 3 7161 4763999
0.531784 1 24 38 3 7161 4783999
0.531816 1 25 39 3 1540 4815999
0.53184 1 27 41 3 4296 4839999
0.531872 1 1 1 3 14244 4871999
0.531904 1 2 2 3 564 4903999
0.531928 1 3 3 3 7161 4927999
0.531948 1 4 4 3 7161 4947999
0.532148 2 1 5 3 4282 3147999
0.532156 2 2 9 3 2851 3155999
0.53216 2 3 10 3 1446 3159999
0.532172 1 20 32 3 6413 14171999
0.532184 2 4 15 3 1446 3183999
0.532192 1 5 6 3 7161 9191999
0.532196 2 5 16 3 1446 3195999
0.5322 2 6 18 3 1446 3199999
0.53226 1 18 27 3 7161 9259999
0.532264 2 7 19 3 4537 3263999
0.532268 2 8 21 3 1446 3267999
0.532272 2 9 25 3 1432 3271999
0.532276 2 10 28 3 1432 3275999
0.53228 2 11 29 3 1432 3279999
0.532308 1 23 36 3 4296 9307999
0.53234 2 12 30 3 1748 3339999
0.532344 2 13 34 3 1432 3343999
0.532356 1 26 40 3 3400 9355999
0.532436 1 2 2 3 5672 10435999
0.532484 1 2 2 3 3400 9483999
0.532504 1 5 6 3 609 4503999
0.53254 1 6 7 3 6962 4539999
0.532576 1 7 8 3 2548 4575999
0.532588 1 8 11 3 4296 4587999
0.5326 1 9 12 3 4296 4599999
0.532612 1 10 13 3 4296 4611999
0.532624 1 11 14 3 4296 4623999
0.53266 1 12 17 3 635 4659999
0.532672 1 13 20 3 4296 4671999
0.532684 1 14 22 3 4296 4683999
0.532696 1 16 24 3 4296 4695999
0.532708 1 17 26 3 4296 4707999
0.53274 1 19 31 3 4648 4739999
0.532752 1 21 33 3 4296 4751999
0.532764 1 22 35 3 4296 4763999
0.532776 1 24 38 3 4296 4775999
0.532812 1 25 39 3 1096 4811999
0.532848 1 27 41 3 7161 4847999
0.532884 1 1 1 3 16027 4883999
0.5329 1 3 3 3 4296 4899999
0.532912 1 4 4 3 4296 4911999
0.533152 1 2 2 3 4296 14151999
0.533172 1 5 6 3 7162 14171999
0.533184 1 11 14 3 4296 9183999
0.533208 2 14 37 3 6187 7207999
0.533248 1 26 40 3 4537 9247999
0.533248 2 4 15 3 7737 7247999
0.533256 2 2 9 3 1432 3255999
0.533264 2 3 10 3 2852 3263999
0.533284 2 6 18 3 2852 3283999
0.533292 2 8 21 3 2852 3291999
0.5333 2 10 28 3 1432 3299999
0.533304 2 11 29 3 1432 3303999
0.53332 2 12 30 3 1432 3319999
0.533324 2 13 34 3 1432 3323999
0.533364 1 7 8 3 3400 4363999
0.533384 1 8 11 3 7161 4383999
0.533404 1 9 12 3 7161 4403999
0.533424 1 10 13 3 7161 4423999
0.533448 1 11 14 3 7161 4447999
0.533496 1 12 17 3 843 4495999
0.533516 1 13 20 3 7161 4515999
0.533536 1 14 22 3 7161 4535999
0.533584 1 15 23 3 9128 4583999
0.533604 1 16 24 3 7161 4603999
0.533624 1 17 26 3 7161 4623999
0.533644 1 18 27 3 4296 4643999
0.533684 1 19 31 3 5728 4683999
0.533732 1 20 32 3 3400 4731999
0.533752 1 21 33 3 7161 4751999
0.533772 1 22 35 3 7161 4771999
0.53382 1 23 36 3 4638 4819999
0.53384 1 24 38 3 7161 4839999
0.533888 1 25 39 3 2314 4887999
0.533908 1 27 41 3 4296 4907999
0.533956 1 1 1 3 21371 4955999
0.533976 1 4 4 3 7161 4975999
0.534128 2 1 5 3 1446 7127999
0.534132 1 5 6 3 9160 9131999
0.534172 1 6 7 3 7161 9171999
0.534192 1 11 14 3 7161 9191999
0.534232 1 15 23 3 7161 9231999
0.53424 1 5 6 3 1446 4239999
0.534268 2 1 5 3 1432 3267999
0.534272 2 2 9 3 1432 3271999
0.534276 2 3 10 3 1432 3275999
0.534292 1 7 8 3 3685 4291999
0.534292 2 4 15 3 2866 3291999
0.534304 1 8 11 3 4296 4303999
0.534304 2 9 25 3 1432 3303999
0.534308 2 10 28 3 1432 3307999
0.534312 2 11 29 3 1432 3311999
0.534316 1 9 12 3 4296 4315999
0.534316 2 13 34 3 1432 3315999
0.534328 1 10 13 3 4296 4327999
0.53434 1 11 14 3 4296 4339999
0.534392 1 12 17 3 914 4391999
0.534404 1 13 20 3 4296 4403999
0.534416 1 14 22 3 4296 4415999
0.534428 1 16 24 3 4296 4427999
0.53444 1 17 26 3 4296 4439999
0.534468 1 18 27 3 7161 4467999
0.534508 1 19 31 3 5728 4507999
0.53456 1 20 32 3 3685 4559999
0.534572 1 21 33 3 4296 4571999
0.534584 1 22 35 3 4296 4583999
0.534636 1 23 36 3 5027 4635999
0.534648 1 24 38 3 4296 4647999
0.5347 1 25 39 3 2509 4699999
0.534752 1 26 40 3 3685 4751999
0.534788 1 27 41 3 7161 4787999
0.53484 1 1 1 3 23151 4839999
0.534892 1 2 2 3 3685 4891999
0.534916 1 3 3 3 7161 4915999
0.534928 1 4 4 3 4296 4927999
0.535136 2 14 37 3 1232 3135999
0.53514 2 1 5 3 1432 3139999
0.535144 2 2 9 3 1432 3143999
0.535148 2 3 10 3 1432 3147999
0.535164 2 5 16 3 1432 3163999
0.535168 2 6 18 3 1432 3167999
0.535172 2 8 21 3 1432 3171999
0.535176 2 9 25 3 1432 3175999
0.53518 2 10 28 3 1432 3179999
0.535188 2 12 30 3 947 3187999
0.5352 1 20 32 3 4296 14199999
0.535248 1 2 2 3 4296 14247999
0.535268 1 5 6 3 7161 14267999
0.535288 1 5 6 3 7162 4287999
0.535328 1 6 7 3 7161 4327999
0.535388 1 7 8 3 4252 4387999
0.535408 1 8 11 3 7161 4407999
0.535428 1 9 12 3 7161 4427999
0.535448 1 10 13 3 7161 4447999
0.535468 1 11 14 3 7161 4467999
0.535488 1 13 20 3 7161 4487999
0.535508 1 14 22 3 7161 4507999
0.535516 1 15 23 3 1446 4515999
0.535536 1 16 24 3 7161 4535999
0.535556 1 17 26 3 7161 4555999
0.535576 1 18 27 3 4296 4575999
0.535596 1 21 33 3 7161 4595999
0.535616 1 22 35 3 7161 4615999
0.535676 1 23 36 3 5802 4675999
0.535696 1 24 38 3 7161 4695999
0.535756 1 25 39 3 2898 4755999
0.535816 1 26 40 3 4252 4815999
0.535836 1 27 41 3 4296 4835999
0.535896 1 1 1 3 26716 4895999
0.535912 1 3 3 3 4296 4911999
0.535932 1 4 4 3 7161 4931999
0.53614 2 1 5 3 1446 3139999
0.536144 2 2 9 3 1446 3143999
0.536148 2 3 10 3 1446 3147999
0.536168 2 4 15 3 2745 3167999
0.53618 1 23 36 3 7161 14179999
0.536204 1 6 7 3 4296 14203999
0.536228 1 15 23 3 4296 14227999
0.53624 1 5 6 3 4296 4239999
0.536252 2 11 29 3 1432 3251999
0.53628 2 12 30 3 1919 3279999
0.536284 2 13 34 3 1432 3283999
0.536316 1 7 8 3 3685 4315999
0.536328 1 8 11 3 4296 4327999
0.53634 1 9 12 3 4296 4339999
0.536352 1 10 13 3 4296 4351999
0.536364 1 11 14 3 4296 4363999
0.536416 1 12 17 3 914 4415999
0.536428 1 13 20 3 4296 4427999
0.53644 1 14 22 3 4296 4439999
0.536468 1 15 23 3 5413 4467999
0.53648 1 16 24 3 4296 4479999
0.536492 1 17 26 3 4296 4491999
0.53652 1 18 27 3 7161 4519999
0.536572 1 19 31 3 3685 4571999
0.536624 1 20 32 3 667 4623999
0.536636 1 21 33 3 4296 4635999
0.536648 1 22 35 3 4296 4647999
0.53666 1 24 38 3 4296 4659999
0.536712 1 25 39 3 2509 4711999
0.536764 1 26 40 3 3685 4763999
0.5368 1 27 41 3 7161 4799999
0.536852 1 1 1 3 23151 4851999
0.536904 1 2 2 3 5027 4903999
0.536928 1 3 3 3 7161 4927999
0.53694 1 4 4 3 4296 4939999
0.537164 1 5 6 3 7161 4163999
0.537172 2 1 5 3 1432 7171999
0.537184 2 5 16 3 2852 7183999
0.537192 2 11 29 3 1432 3191999
0.537208 2 12 30 3 1432 3207999
0.537212 2 13 34 3 1432 3211999
0.53726 1 7 8 3 3967 4259999
0.53728 1 8 11 3 7161 4279999
0.5373 1 9 12 3 7161 4299999
0.537316 2 14 37 3 3080 3315999
0.53732 1 10 13 3 7161 4319999
0.537328 2 1 5 3 2852 3327999
0.537336 2 2 9 3 2852 3335999
0.537344 2 3 10 3 2852 3343999
0.537352 2 4 15 3 1432 3351999
0.537356 2 6 18 3 1432 3355999
0.53736 2 8 21 3 1432 3359999
0.537416 1 13 20 3 7161 4415999
0.537436 1 14 22 3 7161 4435999
0.537456 1 16 24 3 7161 4455999
0.537476 2 9 25 3 1432 3475999
0.537476 1 17 26 3 7161 4475999
0.53748 2 10 28 3 1432 3479999
0.537496 1 18 27 3 4296 4495999
0.537548 1 19 31 3 7772 4547999
0.537604 1 20 32 3 719 4603999
0.537624 1 21 33 3 7161 4623999
0.537644 1 22 35 3 7161 4643999
0.5377 1 23 36 3 2703 4699999
0.53772 1 24 38 3 7161 4719999
0.537776 1 25 39 3 2703 4775999
0.537832 1 26 40 3 2703 4831999
0.537852 1 27 41 3 4296 4851999
0.537908 1 1 1 3 24933 4907999
0.537964 1 2 2 3 3967 4963999
0.53798 1 3 3 3 4296 4979999
0.538 1 4 4 3 7161 4999999
0.538148 1 5 6 3 9399 9147999
0.538196 2 7 19 3 5105 11195999
0.538204 1 5 6 3 972 4203999
0.538264 1 7 8 3 4252 4263999
0.538264 2 5 16 3 1432 7263999
0.538268 2 10 28 3 1446 3267999
0.538272 2 11 29 3 1432 3271999
0.538276 1 8 11 3 4296 4275999
0.538276 2 1 5 3 1432 3275999
0.53828 2 2 9 3 1432 3279999
0.538284 2 3 10 3 1432 3283999
0.538288 1 9 12 3 4296 4287999
0.538296 2 6 18 3 1446 3295999
0.5383 1 10 13 3 4296 4299999
0.5383 2 8 21 3 1446 3299999
0.538372 1 12 17 3 1057 4371999
0.538384 1 13 20 3 4296 4383999
0.538396 1 14 22 3 4296 4395999
0.538428 1 15 23 3 6046 4427999
0.53844 1 16 24 3 4296 4439999
0.538452 1 17 26 3 4296 4451999
0.53848 1 18 27 3 7161 4479999
0.5385 1 19 31 3 2863 4499999
0.53856 1 20 32 3 4252 4559999
0.538572 1 21 33 3 4296 4571999
0.538584 1 22 35 3 4296 4583999
0.538644 1 23 36 3 5802 4643999
0.538656 1 24 38 3 4296 4655999
0.538716 1 25 39 3 2898 4715999
0.538776 1 26 40 3 1831 4775999
0.538812 1 27 41 3 7161 4811999
0.538872 1 1 1 3 26716 4871999
0.538932 1 2 2 3 1057 4931999
0.538944 1 4 4 3 4296 4943999
0.539136 2 4 15 3 1540 7135999
0.539144 2 10 28 3 2852 3143999
0.539148 2 11 29 3 1446 3147999
0.539164 2 13 34 3 1432 3163999
0.539176 2 14 37 3 2314 3175999
0.53918 2 1 5 3 1446 3179999
0.539184 2 2 9 3 1446 3183999
0.539188 2 3 10 3 1432 3187999
0.539196 2 4 15 3 1232 3195999
0.539204 2 5 16 3 1446 3203999
0.539212 1 7 8 3 3967 4211999
0.539212 2 6 18 3 2852 3211999
0.53922 2 8 21 3 2852 3219999
0.539228 2 9 25 3 2852 3227999
0.539232 1 8 11 3 7161 4231999
0.539252 1 9 12 3 7161 4251999
0.539272 1 10 13 3 7161 4271999
0.539292 1 11 14 3 7161 4291999
0.539348 1 12 17 3 985 4347999
0.539368 1 13 20 3 7161 4367999
0.539388 1 14 22 3 7161 4387999
0.539444 1 15 23 3 3967 4443999
0.539464 1 16 24 3 7161 4463999
0.539484 1 17 26 3 7161 4483999
0.539504 1 18 27 3 4296 4503999
0.539552 1 19 31 3 7161 4551999
0.539608 1 20 32 3 3967 4607999
0.539628 1 21 33 3 7161 4627999
0.539648 1 22 35 3 7161 4647999
0.539704 1 23 36 3 5076 4703999
0.539724 1 24 38 3 7161 4723999
0.53978 1 25 39 3 2703 4779999
0.539836 1 26 40 3 3967 4835999
0.539856 1 27 41 3 4296 4855999
0.539912 1 1 1 3 24933 4911999
0.539968 1 2 2 3 3967 4967999
0.539992 1 3 3 3 7161 4991999
0.540012 1 4 4 3 7161 5011999
0.540152 1 19 31 3 7161 19151999
0.54016 1 5 6 3 1446 4159999
0.5402 1 6 7 3 7161 4199999
0.540216 2 7 19 3 5630 7215999
0.54022 2 10 28 3 1432 3219999
0.540228 2 11 29 3 2852 3227999
0.540252 2 12 30 3 1440 3251999
0.540256 2 13 34 3 1432 3255999
0.54026 1 7 8 3 4252 4259999
0.540264 2 1 5 3 2866 3263999
0.540272 1 8 11 3 4296 4271999
0.540272 2 2 9 3 2866 3271999
0.540276 2 3 10 3 1446 3275999
0.540284 1 9 12 3 4296 4283999
0.540288 2 4 15 3 1634 3287999
0.540296 1 10 13 3 4296 4295999
0.540308 2 6 18 3 1432 3307999
0.540312 2 8 21 3 1432 3311999
0.540316 2 9 25 3 1432 3315999
0.540368 1 12 17 3 1057 4367999
0.54038 1 13 20 3 4296 4379999
0.540392 1 14 22 3 4296 4391999
0.540432 1 15 23 3 7490 4431999
0.540444 1 16 24 3 4296 4443999
0.540456 1 17 26 3 4296 4455999
0.540484 1 18 27 3 7161 4483999
0.540544 1 20 32 3 2898 4543999
0.540556 1 21 33 3 4296 4555999
0.540568 1 22 35 3 4296 4567999
0.540628 1 23 36 3 5728 4627999
0.54064 1 24 38 3 4296 4639999
0.5407 1 25 39 3 2898 4699999
0.54076 1 26 40 3 4252 4759999
0.540796 1 27 41 3 7161 4795999
0.540856 1 1 1 3 26716 4855999
0.540916 1 2 2 3 4252 4915999
0.540932 1 3 3 3 4296 4931999
0.540944 1 4 4 3 4296 4943999
0.541112 2 10 28 3 1432 3111999
0.541116 2 11 29 3 1432 3115999
0.541124 2 12 30 3 765 3123999
0.541128 2 13 34 3 1432 3127999
0.541144 2 1 5 3 2851 3143999
0.541152 2 2 9 3 2851 3151999
0.54116 2 3 10 3 2852 3159999
0.541168 2 4 15 3 1446 3167999
0.541176 2 5 16 3 1446 3175999
0.54118 2 6 18 3 1446 3179999
0.541184 2 8 21 3 1432 3183999
0.541188 2 9 25 3 1432 3187999
0.54124 1 7 8 3 4252 4239999
0.54126 1 8 11 3 7161 4259999
0.54128 1 9 12 3 7161 4279999
0.5413 1 10 13 3 7161 4299999
0.54132 1 11 14 3 7161 4319999
0.54138 1 12 17 3 1057 4379999
0.5414 1 13 20 3 7161 4399999
0.54142 1 14 22 3 7161 4419999
0.541436 1 15 23 3 2863 4435999
0.541456 1 16 24 3 7161 4455999
0.541476 1 17 26 3 7161 4475999
0.541496 1 18 27 3 4296 4495999
0.541524 1 19 31 3 4296 4523999
0.541584 1 20 32 3 4252 4583999
0.541604 1 21 33 3 7161 4603999
0.541624 1 22 35 3 7161 4623999
0.541684 1 23 36 3 2898 4683999
0.541704 1 24 38 3 7161 4703999
0.541764 1 25 39 3 2898 4763999
0.541824 1 26 40 3 4252 4823999
0.541844 1 27 41 3 4296 4843999
0.541904 1 1 1 3 26716 4903999
0.541964 1 2 2 3 4252 4963999
0.541988 1 3 3 3 7161 4987999
0.542008 1 4 4 3 7161 5007999
0.542184 1 6 7 3 7161 9183999
0.5422 2 10 28 3 1432 3199999
0.542204 1 11 14 3 7161 9203999
0.542204 2 11 29 3 1432 3203999
0.542208 2 13 34 3 1432 3207999
0.542212 2 1 5 3 1446 3211999
0.542216 2 2 9 3 1446 3215999
0.54222 2 3 10 3 1446 3219999
0.54224 2 4 15 3 2866 3239999
0.542248 2 5 16 3 2866 3247999
0.542256 2 6 18 3 2852 3255999
0.54226 1 12 17 3 985 9259999
0.542272 1 5 6 3 4296 4271999
0.542304 2 8 21 3 1432 3303999
0.542328 1 7 8 3 2703 4327999
0.54234 1 8 11 3 4296 4339999
0.542352 1 9 12 3 4296 4351999
0.542364 1 10 13 3 4296 4363999
0.542376 2 9 25 3 921 3375999
0.542376 1 11 14 3 4296 4375999
0.542388 1 13 20 3 4296 4387999
0.5424 1 14 22 3 4296 4399999
0.542412 1 16 24 3 4296 4411999
0.542424 1 17 26 3 4296 4423999
0.542452 1 18 27 3 7161 4451999
0.5425 1 19 31 3 7161 4499999
0.542556 1 20 32 3 3967 4555999
0.542568 1 21 33 3 4296 4567999
0.54258 1 22 35 3 4296 4579999
0.542636 1 23 36 3 5413 4635999
0.542648 1 24 38 3 4296 4647999
0.542704 1 25 39 3 2703 4703999
0.54276 1 26 40 3 3967 4759999
0.542796 1 27 41 3 7161 4795999
0.542852 1 1 1 3 24933 4851999
0.542908 1 2 2 3 3967 4907999
0.542924 1 3 3 3 4296 4923999
0.542936 1 4 4 3 4296 4935999
0.54312 2 10 28 3 1432 3119999
0.543124 2 11 29 3 1432 3123999
0.543128 2 13 34 3 1432 3127999
0.54314 2 14 37 3 2314 3139999
0.543148 2 1 5 3 2852 3147999
0.543156 1 11 14 3 4296 9155999
0.543156 2 2 9 3 2852 3155999
0.543164 2 3 10 3 2852 3163999
0.543176 2 4 15 3 2314 3175999
0.543184 2 5 16 3 2851 3183999
0.543188 2 6 18 3 1446 3187999
0.543192 2 8 21 3 1446 3191999
0.5432 2 9 25 3 1945 3199999
0.543208 1 5 6 3 1585 4207999
0.54324 1 6 7 3 6187 4239999
0.543292 1 7 8 3 3685 4291999
0.543312 1 8 11 3 7161 4311999
0.543332 1 9 12 3 7161 4331999
0.543352 1 10 13 3 7161 4351999
0.543372 1 11 14 3 7161 4371999
0.543424 1 12 17 3 914 4423999
0.543444 1 13 20 3 7161 4443999
0.543464 1 14 22 3 7161 4463999
0.543504 1 15 23 3 7161 4503999
0.543524 1 16 24 3 7161 4523999
0.543544 1 17 26 3 7161 4543999
0.543564 1 18 27 3 4296 4563999
0.543592 1 19 31 3 4296 4591999
0.543644 1 20 32 3 3685 4643999
0.543664 1 21 33 3 7161 4663999
0.543684 1 22 35 3 7161 4683999
0.543736 1 23 36 3 5027 4735999
0.543756 1 24 38 3 7161 4755999
0.543808 1 25 39 3 2509 4807999
0.54386 1 26 40 3 3685 4859999
0.54388 1 27 41 3 4296 4879999
0.543932 1 1 1 3 23151 4931999
0.543984 1 2 2 3 5027 4983999
0.544004 1 4 4 3 7161 5003999
0.544152 2 5 16 3 5715 7151999
0.544156 2 10 28 3 1446 3155999
0.54416 2 11 29 3 1432 3159999
0.54418 2 12 30 3 2115 3179999
0.544184 2 1 5 3 1446 3183999
0.544188 1 5 6 3 972 4187999
0.544188 2 2 9 3 1446 3187999
0.544192 2 3 10 3 1446 3191999
0.544204 2 4 15 3 1985 3203999
0.544212 2 5 16 3 1446 3211999
0.54422 2 6 18 3 2866 3219999
0.544276 1 7 8 3 2703 4275999
0.544288 1 8 11 3 4296 4287999
0.5443 1 9 12 3 4296 4299999
0.544312 1 10 13 3 4296 4311999
0.544328 2 8 21 3 2852 3327999
0.544332 2 9 25 3 1446 3331999
0.54438 1 12 17 3 985 4379999
0.544392 1 13 20 3 4296 4391999
0.544404 1 14 22 3 4296 4403999
0.544428 1 15 23 3 4296 4427999
0.54444 1 16 24 3 4296 4439999
0.544452 1 17 26 3 4296 4451999
0.54448 1 18 27 3 7161 4479999
0.544528 1 19 31 3 7161 4527999
0.544584 1 20 32 3 3967 4583999
0.544596 1 21 33 3 4296 4595999
0.544608 1 22 35 3 4296 4607999
0.544664 1 23 36 3 5280 4663999
0.544676 1 24 38 3 4296 4675999
0.544732 1 25 39 3 2703 4731999
0.544788 1 26 40 3 3967 4787999
0.544824 1 27 41 3 7161 4823999
0.54488 1 1 1 3 24933 4879999
0.544936 1 2 2 3 3967 4935999
0.54496 1 3 3 3 7161 4959999
0.544972 1 4 4 3 4296 4971999
0.545116 1 11 14 3 4296 9115999
0.545116 2 9 25 3 1432 15115999
0.545124 2 10 28 3 2866 3123999
0.545128 2 11 29 3 1446 3127999
0.54516 2 13 34 3 1432 3159999
0.545168 2 1 5 3 2852 3167999
0.545176 2 2 9 3 2852 3175999
0.545184 2 3 10 3 2852 3183999
0.5452 2 4 15 3 2851 3199999
0.545216 2 6 18 3 2851 3215999
0.545256 1 7 8 3 3967 4255999
0.545276 1 8 11 3 7161 4275999
0.545292 2 7 19 3 3672 3291999
0.545296 1 9 12 3 7161 4295999
0.545296 2 8 21 3 1446 3295999
0.545316 1 10 13 3 7161 4315999
0.545336 1 11 14 3 7161 4335999
0.545392 1 12 17 3 985 4391999
0.545412 1 13 20 3 7161 4411999
0.545432 1 14 22 3 7161 4431999
0.545472 1 15 23 3 7161 4471999
0.545492 1 16 24 3 7161 4491999
0.545512 1 17 26 3 7161 4511999
0.545532 1 18 27 3 4296 4531999
0.545588 1 19 31 3 2703 4587999
0.545644 1 20 32 3 3967 4643999
0.545664 1 21 33 3 7161 4663999
0.545684 1 22 35 3 7161 4683999
0.54574 1 23 36 3 5413 4739999
0.54576 1 24 38 3 7161 4759999
0.545816 1 25 39 3 2703 4815999
0.545872 1 26 40 3 3967 4871999
0.545892 1 27 41 3 4296 4891999
0.545948 1 1 1 3 24933 4947999
0.546004 1 2 2 3 3967 5003999
0.54602 1 3 3 3 4296 5019999
0.54604 1 4 4 3 7161 5039999
0.546112 2 4 15 3 1432 11111999
0.546148 1 6 7 3 4296 14147999
0.546156 2 7 19 3 2864 7155999
0.54616 2 9 25 3 1446 11159999
0.546168 2 10 28 3 2851 3167999
0.546176 2 11 29 3 2852 3175999
0.54618 1 6 7 3 2265 9179999
0.546212 1 5 6 3 972 4211999
0.546212 2 13 34 3 1432 3211999
0.54622 2 2 9 3 1432 3219999
0.546224 2 3 10 3 1432 3223999
0.546232 2 4 15 3 1432 3231999
0.54624 2 5 16 3 1432 3239999
0.546244 2 6 18 3 1432 3243999
0.546308 1 8 11 3 4296 4307999
0.54632 1 9 12 3 4296 4319999
0.546332 1 10 13 3 4296 4331999
0.546344 1 11 14 3 4296 4343999
0.546396 1 12 17 3 914 4395999
0.546408 1 13 20 3 4296 4407999
0.54642 1 14 22 3 4296 4419999
0.54644 2 8 21 3 2852 3439999
0.546448 2 9 25 3 2851 3447999
0.546456 1 16 24 3 4296 4455999
0.546468 1 17 26 3 4296 4467999
0.546496 1 18 27 3 7161 4495999
0.546548 1 19 31 3 8048 4547999
0.5466 1 20 32 3 3685 4599999
0.546612 1 21 33 3 4296 4611999
0.546624 1 22 35 3 4296 4623999
0.546676 1 23 36 3 5027 4675999
0.546688 1 24 38 3 4296 4687999
0.54674 1 25 39 3 2509 4739999
0.546792 1 26 40 3 3685 4791999
0.546828 1 27 41 3 7161 4827999
0.54688 1 1 1 3 23151 4879999
0.546932 1 2 2 3 3685 4931999
0.546956 1 3 3 3 7161 4955999
0.546968 1 4 4 3 4296 4967999
0.547116 2 12 30 3 1426 11115999
0.54712 2 10 28 3 1432 3119999
0.547124 2 11 29 3 1432 3123999
0.547128 2 13 34 3 1432 3127999
0.54716 2 1 5 3 4298 3159999
0.547164 2 2 9 3 1446 3163999
0.547168 2 3 10 3 1432 3167999
0.547184 2 5 16 3 1432 3183999
0.547188 2 6 18 3 1432 3187999
0.547208 2 7 19 3 609 3207999
0.547212 2 8 21 3 1432 3211999
0.547216 2 9 25 3 1432 3215999
0.547248 1 7 8 3 5672 4247999
0.547268 1 8 11 3 7161 4267999
0.547288 1 9 12 3 7161 4287999
0.547308 1 10 13 3 7161 4307999
0.547328 1 11 14 3 7161 4327999
0.547348 1 13 20 3 7161 4347999
0.547368 1 14 22 3 7161 4367999
0.547388 1 16 24 3 7161 4387999
0.547408 1 17 26 3 7161 4407999
0.547428 1 18 27 3 4296 4427999
0.547452 1 19 31 3 3570 4451999
0.547532 1 20 32 3 5672 4531999
0.547552 1 21 33 3 7161 4551999
0.547572 1 22 35 3 7161 4571999
0.547628 1 23 36 3 5313 4627999
0.547648 1 24 38 3 7161 4647999
0.547732 1 25 39 3 4058 4731999
0.547816 1 26 40 3 5957 4815999
0.547836 1 27 41 3 4296 4835999
0.54792 1 1 1 3 37405 4919999
0.548004 1 2 2 3 5957 5003999
0.54802 1 3 3 3 4296 5019999
0.54804 1 4 4 3 7161 5039999
0.548144 1 5 6 3 2863 4143999
0.548208 2 10 28 3 1432 3207999
0.548212 2 11 29 3 1432 3211999
0.54822 2 12 30 3 947 3219999
0.548224 2 13 34 3 1432 3223999
0.548232 1 7 8 3 4537 4231999
0.548232 2 1 5 3 2865 3231999
0.54824 2 2 9 3 3555 3239999
0.548244 1 8 11 3 4296 4243999
0.548244 2 3 10 3 1446 3243999
0.548256 1 9 12 3 4296 4255999
0.548264 2 6 18 3 1432 3263999
0.548268 1 10 13 3 4296 4267999
0.548268 2 8 21 3 1432 3267999
0.548344 1 12 17 3 1128 4343999
0.548356 1 13 20 3 4296 4355999
0.548368 1 14 22 3 4296 4367999
0.548408 1 15 23 3 7161 4407999
0.54842 1 16 24 3 4296 4419999
0.548432 1 17 26 3 4296 4431999
0.54846 1 18 27 3 7161 4459999
0.548508 1 19 31 3 7161 4507999
0.548572 1 20 32 3 4537 4571999
0.548584 1 21 33 3 4296 4583999
0.548596 1 22 35 3 4296 4595999
0.548656 1 23 36 3 5728 4655999
0.548668 1 24 38 3 4296 4667999
0.548732 1 25 39 3 3089 4731999
0.548796 1 26 40 3 4537 4795999
0.548832 1 27 41 3 7161 4831999
0.5489 1 1 1 3 30278 4899999
0.548968 1 2 2 3 4658 4967999
0.54898 1 4 4 3 4296 4979999
0.54914 2 12 30 3 2851 7139999
0.549148 2 5 16 3 2852 7147999
0.549156 1 6 7 3 4296 14155999
0.54916 2 10 28 3 1432 3159999
0.549164 2 11 29 3 1432 3163999
0.5492 1 11 14 3 4296 9199999
0.549208 2 12 30 3 3115 3207999
0.549212 2 13 34 3 1432 3211999
0.54922 2 1 5 3 2865 3219999
0.549228 2 2 9 3 2176 3227999
0.549232 1 5 6 3 972 4231999
0.549236 2 3 10 3 2852 3235999
0.549252 2 4 15 3 2852 3251999
0.549256 2 6 18 3 1432 3255999
0.549284 1 7 8 3 2509 4283999
0.549284 2 7 19 3 2319 3283999
0.549288 2 8 21 3 1432 3287999
0.549304 1 8 11 3 7161 4303999
0.549324 1 9 12 3 7161 4323999
0.549344 1 10 13 3 7161 4343999
0.549364 1 11 14 3 7161 4363999
0.54938 2 9 25 3 1180 3379999
0.549416 1 12 17 3 914 4415999
0.549436 1 13 20 3 7161 4435999
0.549456 1 14 22 3 7161 4455999
0.54948 1 15 23 3 4296 4479999
0.5495 1 16 24 3 7161 4499999
0.54952 1 17 26 3 7161 4519999
0.54954 1 18 27 3 4296 4539999
0.549568 1 19 31 3 4296 4567999
0.54962 1 20 32 3 3685 4619999
0.54964 1 21 33 3 7161 4639999
0.54966 1 22 35 3 7161 4659999
0.549712 1 23 36 3 5027 4711999
0.549732 1 24 38 3 7161 4731999
0.549784 1 25 39 3 2509 4783999
0.549836 1 26 40 3 3685 4835999
0.549856 1 27 41 3 4296 4855999
0.549908 1 1 1 3 23151 4907999
0.54996 1 2 2 3 3685 4959999
0.549984 1 3 3 3 7161 4983999
0.550004 1 4 4 3 7161 5003999
0.55014 2 1 5 3 1446 7139999
0.55022 1 5 6 3 972 4219999
0.550272 1 7 8 3 2509 4271999
0.550284 1 8 11 3 4296 4283999
0.550296 1 9 12 3 4296 4295999
0.550308 1 10 13 3 4296 4307999
0.55032 1 11 14 3 4296 4319999
0.550328 2 7 19 3 5756 7327999
0.550332 2 10 28 3 1432 3331999
0.550336 2 11 29 3 1432 3335999
0.55034 2 13 34 3 1432 3339999
0.550348 2 1 5 3 2509 3347999
0.55036 2 2 9 3 4282 3359999
0.550364 2 3 10 3 1446 3363999
0.550372 1 12 17 3 914 4371999
0.550372 2 4 15 3 1432 3371999
0.550384 1 13 20 3 4296 4383999
0.550384 2 6 18 3 1432 3383999
0.550388 2 8 21 3 1432 3387999
0.550396 2 9 25 3 1686 3395999
0.550436 1 15 23 3 7161 4435999
0.550448 1 16 24 3 4296 4447999
0.55046 1 17 26 3 4296 4459999
0.550488 1 18 27 3 7161 4487999
0.550536 1 19 31 3 7161 4535999
0.550588 1 20 32 3 3685 4587999
0.5506 1 21 33 3 4296 4599999
0.550612 1 22 35 3 4296 4611999
0.550664 1 23 36 3 5027 4663999
0.550676 1 24 38 3 4296 4675999
0.550728 1 25 39 3 2509 4727999
0.55078 1 26 40 3 3685 4779999
0.550816 1 27 41 3 7161 4815999
0.550868 1 1 1 3 23151 4867999
0.55092 1 2 2 3 3685 4919999
0.550936 1 3 3 3 4296 4935999
0.550948 1 4 4 3 4296 4947999
0.551136 2 10 28 3 1432 3135999
0.55114 2 11 29 3 1432 3139999
0.551144 2 13 34 3 1432 3143999
0.551152 2 1 5 3 3222 3151999
0.551156 2 2 9 3 1446 3155999
0.551164 2 3 10 3 2866 3163999
0.551172 2 5 16 3 2866 3171999
0.551176 2 6 18 3 1432 3175999
0.551184 2 7 19 3 1232 3183999
0.551188 2 8 21 3 1432 3187999
0.551192 2 9 25 3 1432 3191999
0.551208 1 7 8 3 3685 9207999
0.551232 1 15 23 3 4296 9231999
0.55126 1 5 6 3 9500 4259999
0.55128 1 8 11 3 7161 4279999
0.5513 1 9 12 3 7161 4299999
0.55132 1 10 13 3 7161 4319999
0.55134 1 11 14 3 7161 4339999
0.551388 1 12 17 3 843 4387999
0.551408 1 13 20 3 7161 4407999
0.551428 1 14 22 3 7161 4427999
0.551456 1 15 23 3 3335 4455999
0.551476 1 16 24 3 7161 4475999
0.551496 1 17 26 3 7161 4495999
0.551516 1 18 27 3 4296 4515999
0.551544 1 19 31 3 4296 4543999
0.551592 1 20 32 3 3400 4591999
0.551612 1 21 33 3 7161 4611999
0.551632 1 22 35 3 7161 4631999
0.55168 1 23 36 3 4638 4679999
0.5517 1 24 38 3 7161 4699999
0.551748 1 25 39 3 2314 4747999
0.551796 1 26 40 3 3400 4795999
0.551816 1 27 41 3 4296 4815999
0.551864 1 1 1 3 21371 4863999
0.551912 1 2 2 3 3400 4911999
0.551936 1 3 3 3 7161 4935999
0.551956 1 4 4 3 7161 4955999
0.5522 1 5 6 3 972 4199999
0.552212 2 4 15 3 1446 7211999
0.55222 2 5 16 3 1432 7219999
0.552228 2 10 28 3 1432 3227999
0.552232 2 11 29 3 1432 3231999
0.552248 2 12 30 3 1683 3247999
0.552252 2 13 34 3 1432 3251999
0.552256 1 7 8 3 3967 4255999
0.552264 2 1 5 3 4297 3263999
0.552268 1 8 11 3 4296 4267999
0.55228 2 2 9 3 5730 3279999
0.55228 1 9 12 3 4296 4279999
0.552292 1 10 13 3 4296 4291999
0.552296 2 3 10 3 5729 3295999
0.552312 2 5 16 3 4297 3311999
0.552316 2 6 18 3 1446 3315999
0.55232 2 8 21 3 1432 3319999
0.552336 2 9 25 3 201 3335999
0.55236 1 12 17 3 985 4359999
0.552372 1 13 20 3 4296 4371999
0.552384 1 14 22 3 4296 4383999
0.55244 1 15 23 3 6680 4439999
0.552452 1 16 24 3 4296 4451999
0.552464 1 17 26 3 4296 4463999
0.552492 1 18 27 3 7161 4491999
0.55254 1 19 31 3 7161 4539999
0.552596 1 20 32 3 3967 4595999
0.552608 1 21 33 3 4296 4607999
0.55262 1 22 35 3 4296 4619999
0.552676 1 23 36 3 5413 4675999
0.552688 1 24 38 3 4296 4687999
0.552744 1 25 39 3 2703 4743999
0.5528 1 26 40 3 3967 4799999
0.552836 1 27 41 3 7161 4835999
0.552892 1 1 1 3 24933 4891999
0.552948 1 2 2 3 3967 4947999
0.552964 1 3 3 3 4296 4963999
0.552976 1 4 4 3 4296 4975999
0.55312 2 9 25 3 2866 11119999
0.553124 2 10 28 3 1432 3123999
0.553128 2 11 29 3 1432 3127999
0.55314 1 11 14 3 4296 9139999
0.553164 1 5 6 3 7636 4163999
0.55318 2 13 34 3 1432 3179999
0.553188 2 1 5 3 2865 3187999
0.553196 2 2 9 3 2864 3195999
0.553204 2 3 10 3 2864 3203999
0.553212 2 4 15 3 1446 3211999
0.55322 2 5 16 3 2851 3219999
0.553224 2 6 18 3 1420 3223999
0.553228 1 7 8 3 4537 4227999
0.553248 1 8 11 3 7161 4247999
0.55326 2 8 21 3 1432 3259999
0.553268 1 9 12 3 7161 4267999
0.553268 2 9 25 3 2665 3267999
0.553288 1 10 13 3 7161 4287999
0.553308 1 11 14 3 7161 4307999
0.553372 1 12 17 3 1128 4371999
0.553392 1 13 20 3 7161 4391999
0.553412 1 14 22 3 7161 4411999
0.553436 1 15 23 3 4306 4435999
0.553456 1 16 24 3 7161 4455999
0.553476 1 17 26 3 7161 4475999
0.553496 1 18 27 3 4296 4495999
0.553524 1 19 31 3 4296 4523999
0.553588 1 20 32 3 4537 4587999
0.553608 1 21 33 3 7161 4607999
0.553628 1 22 35 3 7161 4627999
0.553688 1 23 36 3 5673 4687999
0.553708 1 24 38 3 7161 4707999
0.553772 1 25 39 3 3089 4771999
0.553836 1 26 40 3 4537 4835999
0.553856 1 27 41 3 4296 4855999
0.55392 1 1 1 3 28495 4919999
0.553984 1 2 2 3 4537 4983999
0.554008 1 3 3 3 7161 5007999
0.554028 1 4 4 3 7161 5027999
0.554148 2 10 28 3 1432 3147999
0.554152 2 11 29 3 1432 3151999
0.554156 2 13 34 3 1432 3155999
0.554164 2 1 5 3 2865 3163999
0.554172 2 2 9 3 2865 3171999
0.55418 2 3 10 3 2865 3179999
0.554228 2 4 15 3 9286 3227999
0.554232 2 6 18 3 1432 3231999
0.554236 1 7 8 3 4252 4235999
0.554248 1 8 11 3 4296 4247999
0.55426 1 9 12 3 4296 4259999
0.554272 1 10 13 3 4296 4271999
0.55428 2 8 21 3 1432 3279999
0.554284 2 9 25 3 1432 3283999
0.554344 1 12 17 3 1057 4343999
0.554356 1 13 20 3 4296 4355999
0.554368 1 14 22 3 4296 4367999
0.554408 1 15 23 3 7161 4407999
0.55442 1 16 24 3 4296 4419999
0.554432 1 17 26 3 4296 4431999
0.55446 1 18 27 3 7161 4459999
0.554508 1 19 31 3 7161 4507999
0.554568 1 20 32 3 4252 4567999
0.55458 1 21 33 3 4296 4579999
0.554592 1 22 35 3 4296 4591999
0.554652 1 23 36 3 5728 4651999
0.554664 1 24 38 3 4296 4663999
0.554724 1 25 39 3 2898 4723999
0.554784 1 26 40 3 4252 4783999
0.55482 1 27 41 3 7161 4819999
0.55488 1 1 1 3 26716 4879999
0.55494 1 2 2 3 4252 4939999
0.554956 1 3 3 3 4296 4955999
0.554968 1 4 4 3 4296 4967999
0.555132 2 4 15 3 1432 11131999
0.555136 2 10 28 3 1432 3135999
0.55514 2 11 29 3 1432 3139999
0.555144 2 13 34 3 1432 3143999
0.555152 2 1 5 3 2865 3151999
0.55516 2 2 9 3 2865 3159999
0.555164 2 3 10 3 1419 3163999
0.555172 2 5 16 3 1432 3171999
0.555176 2 6 18 3 1432 3175999
0.555184 2 7 19 3 1232 3183999
0.555188 2 8 21 3 1432 3187999
0.5552 1 14 22 3 4296 9199999
0.55522 1 5 6 3 7161 4219999
0.555268 1 7 8 3 3400 4267999
0.555288 1 8 11 3 7161 4287999
0.555308 1 9 12 3 7161 4307999
0.555328 1 10 13 3 7161 4327999
0.555348 1 11 14 3 7161 4347999
0.555396 1 12 17 3 616 4395999
0.555416 1 13 20 3 7161 4415999
0.555444 1 14 22 3 1980 4443999
0.555468 1 15 23 3 4296 4467999
0.555488 1 16 24 3 7161 4487999
0.555508 1 17 26 3 7161 4507999
0.555528 1 18 27 3 4296 4527999
0.555556 1 19 31 3 4296 4555999
0.555604 1 20 32 3 3400 4603999
0.555624 1 21 33 3 7161 4623999
0.555644 1 22 35 3 7161 4643999
0.555692 1 23 36 3 4638 4691999
0.555712 1 24 38 3 7161 4711999
0.55576 1 25 39 3 2314 4759999
0.555808 1 26 40 3 3400 4807999
0.555828 1 27 41 3 4296 4827999
0.555876 1 1 1 3 21371 4875999
0.555924 1 2 2 3 3400 4923999
0.555948 1 3 3 3 7161 4947999
0.555968 1 4 4 3 7161 4967999
0.556156 1 5 6 3 7162 19155999
0.556168 1 5 6 3 4296 4167999
0.556208 2 9 25 3 1432 11207999
0.556212 2 10 28 3 1432 3211999
0.556216 2 11 29 3 1432 3215999
0.556224 2 12 30 3 947 3223999
0.556228 1 7 8 3 4252 4227999
0.556228 2 13 34 3 1432 3227999
0.55624 1 8 11 3 4296 4239999
0.556244 2 2 9 3 2865 3243999
0.556248 2 3 10 3 1446 3247999
0.556252 1 9 12 3 4296 4251999
0.556264 1 10 13 3 4296 4263999
0.556264 2 5 16 3 1432 3263999
0.556268 2 6 18 3 1432 3267999
0.556272 2 8 21 3 1432 3271999
0.556276 2 9 25 3 1432 3275999
0.556336 1 12 17 3 1057 4335999
0.556348 1 13 20 3 4296 4347999
0.556372 1 14 22 3 9462 4371999
0.556412 1 15 23 3 7161 4411999
0.556424 1 16 24 3 4296 4423999
0.556436 1 17 26 3 4296 4435999
0.556464 1 18 27 3 7161 4463999
0.556512 1 19 31 3 7161 4511999
0.556572 1 20 32 3 4251 4571999
0.556584 1 21 33 3 4296 4583999
0.556596 1 22 35 3 4296 4595999
0.556656 1 23 36 3 5802 4655999
0.556668 1 24 38 3 4296 4667999
0.556728 1 25 39 3 2898 4727999
0.556788 1 26 40 3 4252 4787999
0.556824 1 27 41 3 7161 4823999
0.556884 1 1 1 3 26716 4883999
0.556944 1 2 2 3 4252 4943999
0.55696 1 3 3 3 4296 4959999
0.556972 1 4 4 3 4296 4971999
0.557168 1 5 6 3 7636 14167999
0.55718 1 11 14 3 4296 9179999
0.557184 2 7 19 3 4499 7183999
0.557188 2 10 28 3 1432 3187999
0.557192 2 11 29 3 1432 3191999
0.557196 2 13 34 3 1432 3195999
0.557204 2 1 5 3 2865 3203999
0.557212 1 5 6 3 972 4211999
0.557212 2 2 9 3 2865 3211999
0.55722 2 3 10 3 2866 3219999
0.557236 2 4 15 3 3089 3235999
0.557244 2 5 16 3 1446 3243999
0.557248 2 6 18 3 1432 3247999
0.557252 2 8 21 3 1432 3251999
0.557256 2 9 25 3 1432 3255999
0.557268 1 7 8 3 2703 4267999
0.557288 1 8 11 3 7161 4287999
0.557308 1 9 12 3 7161 4307999
0.557328 1 10 13 3 7161 4327999
0.557352 1 11 14 3 7161 4351999
0.557408 1 12 17 3 985 4407999
0.557428 1 13 20 3 7161 4427999
0.557432 1 14 22 3 1446 4431999
0.557456 1 15 23 3 4296 4455999
0.557476 1 16 24 3 7161 4475999
0.557496 1 17 26 3 7161 4495999
0.557516 1 18 27 3 4296 4515999
0.557544 1 19 31 3 4296 4543999
0.5576 1 20 32 3 3967 4599999
0.55762 1 21 33 3 7161 4619999
0.55764 1 22 35 3 7161 4639999
0.557696 1 23 36 3 5313 4695999
0.557716 1 24 38 3 7161 4715999
0.557772 1 25 39 3 2703 4771999
0.557828 1 26 40 3 3967 4827999
0.557848 1 27 41 3 4296 4847999
0.557904 1 1 1 3 24933 4903999
0.55796 1 2 2 3 3967 4959999
0.557984 1 3 3 3 7161 4983999
0.558004 1 4 4 3 7161 5003999
0.558144 2 5 16 3 1446 11143999
0.558188 2 7 19 3 2850 7187999
0.558192 2 10 28 3 1432 3191999
0.558196 2 11 29 3 1432 3195999
0.5582 2 13 34 3 1432 3199999
0.558208 2 1 5 3 2865 3207999
0.558216 2 2 9 3 2865 3215999
0.55822 1 7 8 3 4537 4219999
0.558228 2 3 10 3 4282 3227999
0.558232 1 8 11 3 4296 4231999
0.558244 1 9 12 3 4296 4243999
0.558252 2 6 18 3 1446 3251999
0.558256 1 10 13 3 4296 4255999
0.558256 2 8 21 3 1432 3255999
0.558332 1 12 17 3 1128 4331999
0.558344 1 13 20 3 4296 4343999
0.558364 1 14 22 3 7162 4363999
0.558404 1 15 23 3 7161 4403999
0.558416 1 16 24 3 4296 4415999
0.558428 1 17 26 3 4296 4427999
0.558456 1 18 27 3 7161 4455999
0.558504 1 19 31 3 7161 4503999
0.558568 1 20 32 3 4537 4567999
0.55858 1 21 33 3 4296 4579999
0.558592 1 22 35 3 4296 4591999
0.558652 1 23 36 3 5728 4651999
0.558664 1 24 38 3 4296 4663999
0.558728 1 25 39 3 3089 4727999
0.558792 1 26 40 3 4537 4791999
0.558828 1 27 41 3 7161 4827999
0.558896 1 1 1 3 30278 4895999
0.558964 1 2 2 3 4820 4963999
0.55898 1 3 3 3 4296 4979999
0.558992 1 4 4 3 4296 4991999
0.559132 2 10 28 3 1432 3131999
0.559136 2 11 29 3 1432 3135999
0.55914 2 13 34 3 1432 3139999
0.559148 2 1 5 3 2851 3147999
0.559156 2 2 9 3 2851 3155999
0.55916 1 11 14 3 4296 9159999
0.55916 2 3 10 3 1432 3159999
0.559176 2 5 16 3 2866 3175999
0.559184 2 6 18 3 2852 3183999
0.559192 1 5 6 3 972 4191999
0.5592 2 8 21 3 1446 3199999
0.559216 2 9 25 3 201 3215999
0.559252 1 7 8 3 2898 4251999
0.559272 1 8 11 3 7161 4271999
0.559292 1 9 12 3 7161 4291999
0.559312 1 10 13 3 7161 4311999
0.559336 1 11 14 3 7161 4335999
0.559396 1 12 17 3 1057 4395999
0.559416 1 13 20 3 7161 4415999
0.559428 1 14 22 3 4296 4427999
0.559452 1 15 23 3 4296 4451999
0.559472 1 16 24 3 7161 4471999
0.559492 1 17 26 3 7161 4491999
0.559512 1 18 27 3 4296 4511999
0.55954 1 19 31 3 4296 4539999
0.5596 1 20 32 3 4252 4599999
0.55962 1 21 33 3 7161 4619999
0.55964 1 22 35 3 7161 4639999
0.5597 1 23 36 3 5728 4699999
0.55972 1 24 38 3 7161 4719999
0.55978 1 25 39 3 2898 4779999
0.55984 1 26 40 3 4252 4839999
0.55986 1 27 41 3 4296 4859999
0.55992 1 1 1 3 26716 4919999
0.55998 1 2 2 3 4252 4979999
0.560004 1 3 3 3 7161 5003999
0.560024 1 4 4 3 7161 5023999
0.560112 2 1 5 3 2865 7111999
0.56012 2 4 15 3 1540 7119999
0.560124 2 10 28 3 1446 3123999
0.560128 2 11 29 3 1446 3127999
0.56014 2 12 30 3 1426 3139999
0.560144 2 13 34 3 1432 3143999
0.560152 2 1 5 3 1446 3151999
0.560156 2 2 9 3 1432 3155999
0.56016 2 3 10 3 1432 3159999
0.560176 2 5 16 3 2851 3175999
0.56018 2 6 18 3 1432 3179999
0.560188 2 8 21 3 2852 3187999
0.560212 1 5 6 3 7636 4211999
0.560268 1 7 8 3 3967 4267999
0.56028 1 8 11 3 4296 4279999
0.560292 1 9 12 3 4296 4291999
0.560304 1 10 13 3 4296 4303999
0.560316 1 11 14 3 4296 4315999
0.560372 1 12 17 3 985 4371999
0.560384 1 13 20 3 4296 4383999
0.560404 1 14 22 3 7161 4403999
0.560444 1 15 23 3 7161 4443999
0.560456 1 16 24 3 4296 4455999
0.560468 1 17 26 3 4296 4467999
0.560496 1 18 27 3 7161 4495999
0.560544 1 19 31 3 7161 4543999
0.5606 1 20 32 3 3967 4599999
0.560612 1 21 33 3 4296 4611999
0.560624 1 22 35 3 4296 4623999
0.56068 1 23 36 3 5413 4679999
0.560692 1 24 38 3 4296 4691999
0.560748 1 25 39 3 2703 4747999
0.560804 1 26 40 3 3967 4803999
0.56084 1 27 41 3 7161 4839999
0.560896 1 1 1 3 24933 4895999
0.560952 1 2 2 3 3967 4951999
0.560968 1 3 3 3 4296 4967999
0.56098 1 4 4 3 4296 4979999
0.561148 1 11 14 3 4296 9147999
0.56116 2 10 28 3 2852 3159999
0.561168 2 11 29 3 2852 3167999
0.561176 2 1 5 3 2852 3175999
0.56118 2 2 9 3 1446 3179999
0.561184 2 3 10 3 1446 3183999
0.561196 2 4 15 3 1648 3195999
0.561204 2 5 16 3 1446 3203999
0.561208 2 6 18 3 1446 3207999
0.561216 1 7 8 3 4252 4215999
0.561236 1 8 11 3 7161 4235999
0.561256 1 9 12 3 7161 4255999
0.561268 2 8 21 3 1432 3267999
0.561276 1 10 13 3 7161 4275999
0.561276 2 9 25 3 2851 3275999
0.561308 1 11 14 3 3815 4307999
0.561368 1 12 17 3 1057 4367999
0.561388 1 13 20 3 7161 4387999
0.5614 1 14 22 3 4296 4399999
0.561424 1 15 23 3 4296 4423999
0.561444 1 16 24 3 7161 4443999
0.561464 1 17 26 3 7161 4463999
0.561484 1 18 27 3 4296 4483999
0.561512 1 19 31 3 4296 4511999
0.561572 1 20 32 3 4252 4571999
0.561592 1 21 33 3 7161 4591999
0.561612 1 22 35 3 7161 4611999
0.561672 1 23 36 3 5802 4671999
0.561692 1 24 38 3 7161 4691999
0.561752 1 25 39 3 2898 4751999
0.561812 1 26 40 3 4252 4811999
0.561832 1 27 41 3 4296 4831999
0.561892 1 1 1 3 26716 4891999
0.561952 1 2 2 3 4252 4951999
0.561976 1 3 3 3 7161 4975999
0.561996 1 4 4 3 7161 4995999
0.562132 2 10 28 3 1432 3131999
0.562136 2 11 29 3 1432 3135999
0.56214 2 13 34 3 1446 3139999
0.562144 2 1 5 3 1446 3143999
0.562152 2 2 9 3 2866 3151999
0.56216 2 3 10 3 2852 3159999
0.562184 2 4 15 3 1695 3183999
0.562192 2 5 16 3 2852 3191999
0.5622 1 5 6 3 1708 4199999
0.5622 2 6 18 3 2852 3199999
0.562256 1 7 8 3 3967 4255999
0.562268 1 8 11 3 4296 4267999
0.56228 1 9 12 3 4296 4279999
0.562292 1 10 13 3 4296 4291999
0.562292 2 8 21 3 1432 3291999
0.562328 2 9 25 3 460 3327999
0.562368 1 12 17 3 985 4367999
0.56238 1 13 20 3 4296 4379999
0.5624 1 14 22 3 7161 4399999
0.56244 1 15 23 3 7161 4439999
0.562452 1 16 24 3 4296 4451999
0.562464 1 17 26 3 4296 4463999
0.562492 1 18 27 3 7161 4491999
0.56254 1 19 31 3 7161 4539999
0.562596 1 20 32 3 3967 4595999
0.562608 1 21 33 3 4296 4607999
0.56262 1 22 35 3 4296 4619999
0.562668 1 23 36 3 4538 4667999
0.56268 1 24 38 3 4296 4679999
0.562736 1 25 39 3 2703 4735999
0.562792 1 26 40 3 3967 4791999
0.562828 1 27 41 3 7161 4827999
0.562884 1 1 1 3 24933 4883999
0.56294 1 2 2 3 3967 4939999
0.562956 1 3 3 3 4296 4955999
0.562968 1 4 4 3 4296 4967999
0.563124 2 7 19 3 1648 7123999
0.563128 2 9 25 3 1432 11127999
0.563132 2 10 28 3 1432 3131999
0.563136 2 11 29 3 1432 3135999
0.563144 2 13 34 3 2852 3143999
0.563156 1 5 6 3 9038 9155999
0.563156 2 1 5 3 4298 3155999
0.563168 1 11 14 3 4296 9167999
0.563168 2 2 9 3 4297 3167999
0.563172 2 3 10 3 1446 3171999
0.56318 2 5 16 3 1432 3179999
0.563184 2 6 18 3 1432 3183999
0.563188 2 8 21 3 1432 3187999
0.563196 2 9 25 3 2406 3195999
0.56326 1 7 8 3 4252 4259999
0.56328 1 8 11 3 7161 4279999
0.5633 1 9 12 3 7161 4299999
0.56332 1 10 13 3 7161 4319999
0.563328 1 11 14 3 2863 4327999
0.563388 1 12 17 3 1057 4387999
0.563408 1 13 20 3 7161 4407999
0.56342 1 14 22 3 4296 4419999
0.563444 1 15 23 3 4296 4443999
0.563464 1 16 24 3 7161 4463999
0.563484 1 17 26 3 7161 4483999
0.563504 1 18 27 3 4296 4503999
0.563532 1 19 31 3 4296 4531999
0.563592 1 20 32 3 4252 4591999
0.563612 1 21 33 3 7161 4611999
0.563632 1 22 35 3 7161 4631999
0.563692 1 23 36 3 5802 4691999
0.563712 1 24 38 3 7161 4711999
0.563772 1 25 39 3 2898 4771999
0.563832 1 26 40 3 4252 4831999
0.563852 1 27 41 3 4296 4851999
0.563912 1 1 1 3 26716 4911999
0.563972 1 2 2 3 4252 4971999
0.563996 1 3 3 3 7161 4995999
0.564016 1 4 4 3 7161 5015999
0.564124 2 10 28 3 1432 3123999
0.564128 2 11 29 3 1432 3127999
0.564152 1 5 6 3 1096 4151999
0.5642 2 13 34 3 1432 3199999
0.564212 1 7 8 3 4252 4211999
0.564216 2 1 5 3 4297 3215999
0.564224 1 8 11 3 4296 4223999
0.564224 2 2 9 3 2865 3223999
0.564232 2 3 10 3 2866 3231999
0.564236 1 9 12 3 4296 4235999
0.564244 2 6 18 3 1432 3243999
0.564248 1 10 13 3 4296 4247999
0.564268 1 11 14 3 7161 4267999
0.564272 2 8 21 3 1432 3271999
0.5643 2 9 25 3 356 3299999
0.564328 1 12 17 3 1057 4327999
0.56434 1 13 20 3 4296 4339999
0.56436 1 14 22 3 7161 4359999
0.5644 1 15 23 3 7161 4399999
0.564412 1 16 24 3 4296 4411999
0.564424 1 17 26 3 4296 4423999
0.564452 1 18 27 3 7161 4451999
0.5645 1 19 31 3 7161 4499999
0.56456 1 20 32 3 4252 4559999
0.564572 1 21 33 3 4296 4571999
0.564584 1 22 35 3 4296 4583999
0.564644 1 23 36 3 5654 4643999
0.564656 1 24 38 3 4296 4655999
0.564716 1 25 39 3 2898 4715999
0.564776 1 26 40 3 4252 4775999
0.564812 1 27 41 3 7161 4811999
0.564872 1 1 1 3 26716 4871999
0.564932 1 2 2 3 4252 4931999
0.564948 1 3 3 3 4296 4947999
0.56496 1 4 4 3 4296 4959999
0.565204 1 7 8 3 5105 4203999
0.565208 2 7 19 3 3967 7207999
0.565212 2 10 28 3 1432 3211999
0.565216 2 11 29 3 1432 3215999
0.56522 2 13 34 3 1432 3219999
0.565224 1 8 11 3 7161 4223999
0.565228 2 1 5 3 2865 3227999
0.565236 2 2 9 3 2865 3235999
0.565244 1 9 12 3 7161 4243999
0.565244 2 3 10 3 2851 3243999
0.565264 1 10 13 3 7161 4263999
0.565272 2 6 18 3 1446 3271999
0.565276 2 8 21 3 1432 3275999
0.565348 1 12 17 3 1271 4347999
0.565368 1 13 20 3 7161 4367999
0.56538 1 14 22 3 4296 4379999
0.565404 1 15 23 3 4296 4403999
0.565424 1 16 24 3 7161 4423999
0.565444 1 17 26 3 7161 4443999
0.565464 1 18 27 3 4296 4463999
0.565492 1 19 31 3 4296 4491999
0.565564 1 20 32 3 5105 4563999
0.565584 1 21 33 3 7161 4583999
0.565604 1 22 35 3 7161 4603999
0.565664 1 23 36 3 5728 4663999
0.565684 1 24 38 3 7161 4683999
0.565756 1 25 39 3 3478 4755999
0.565828 1 26 40 3 5105 4827999
0.565848 1 27 41 3 4296 4847999
0.56592 1 1 1 3 32060 4919999
0.565992 1 2 2 3 5105 4991999
