0.005 1 1 0
0.010108 1 1 0
0.015 1 1 0
0.020108 1 1 0
0.025 1 1 0
0.030108 1 1 0
0.035 1 1 29
0.040108 1 1 0
0.045 1 1 0
0.050108 1 1 0
0.055 1 1 0
0.060108 1 1 0
0.065 1 1 0
0.070108 1 1 0
0.075 1 1 0
0.080108 1 1 0
0.085 1 1 0
0.090108 1 1 0
0.095 1 1 0
0.100108 1 1 0
0.105 1 1 0
0.110108 1 1 0
0.115 1 1 0
0.120108 1 1 0
0.125 1 1 0
0.130108 1 1 0
0.135 1 1 0
0.140108 1 1 0
0.145 1 1 0
0.150108 1 1 0
0.155 1 1 0
0.160108 1 1 0
0.165 1 1 0
0.170108 1 1 0
0.175 1 1 0
0.180108 1 1 0
0.185 1 1 0
0.190108 1 1 0
0.195 1 1 0
0.200108 1 1 0
0.205 1 1 0
0.210108 1 1 0
0.215 1 1 0
0.220108 1 1 0
0.225 1 1 0
0.230108 1 1 0
0.235 1 1 0
0.240108 1 1 0
0.245 1 1 0
0.250108 1 1 0
0.255 1 1 0
0.260108 1 1 0
0.265 1 1 0
0.270108 1 1 0
0.275 1 1 0
0.280108 1 1 0
0.285 1 1 0
0.290108 1 1 0
0.295 1 1 0
0.300108 1 1 0
0.305 1 1 0
0.305 1 1 0
0.305 2 1 0
0.305 3 1 0
0.305 4 1 0
0.305 5 1 0
0.305 6 1 0
0.305 7 1 0
0.305 8 1 0
0.305 9 1 0
0.305 10 1 0
0.305 11 1 0
0.305 12 1 0
0.305 13 1 0
0.305 14 1 0
0.305 2 1 0
0.305 3 1 0
0.305 4 1 0
0.305 5 1 0
0.305 6 1 0
0.305 7 1 0
0.305 8 1 0
0.305 9 1 0
0.305 10 1 0
0.305 11 1 0
0.305 12 1 0
0.305 13 1 0
0.305 14 1 0
0.305 15 1 0
0.305 16 1 0
0.305 17 1 0
0.305 18 1 0
0.305 19 1 0
0.305 20 1 0
0.305 21 1 0
0.305 22 1 0
0.305 23 1 0
0.305 24 1 0
0.305 25 1 0
0.305 26 1 0
0.305 27 1 0
0.310108 1 1 0
0.310108 1 1 0
0.310112 2 1 0
0.310116 3 1 0
0.31012 4 1 0
0.310124 5 1 0
0.310128 6 1 0
0.310132 7 1 0
0.310136 8 1 0
0.31014 9 1 0
0.310144 10 1 0
0.310148 11 1 0
0.310152 12 1 0
0.310156 13 1 0
0.31016 14 1 0
0.311108 2 1 0
0.311112 3 1 0
0.311116 4 1 0
0.31112 5 1 0
0.311124 6 1 0
0.311128 7 1 0
0.311132 8 1 0
0.311136 9 1 0
0.31114 10 1 0
0.311144 11 1 0
0.311148 12 1 0
0.311152 13 1 0
0.311156 14 1 0
0.31116 15 1 0
0.311164 16 1 0
0.311168 17 1 0
0.311172 18 1 0
0.311176 19 1 0
0.31118 20 1 0
0.311184 21 1 0
0.311188 22 1 0
0.311192 23 1 0
0.311196 24 1 0
0.3112 25 1 0
0.311204 26 1 0
0.311208 27 1 0
0.315 1 1 0
0.315 1 1 0
0.315 2 1 0
0.315 3 1 0
0.315 4 1 0
0.315 5 1 0
0.315 6 1 0
0.315 7 1 0
0.315 8 1 0
0.315 9 1 0
0.315 10 1 0
0.315 11 1 0
0.315 12 1 0
0.315 13 1 0
0.315 14 1 0
0.315 2 1 0
0.315 3 1 0
0.315 4 1 0
0.315 5 1 0
0.315 6 1 0
0.315 7 1 0
0.315 8 1 0
0.315 9 1 0
0.315 10 1 0
0.315 11 1 0
0.315 12 1 0
0.315 13 1 0
0.315 14 1 0
0.315 15 1 0
0.315 16 1 0
0.315 17 1 0
0.315 18 1 0
0.315 19 1 0
0.315 20 1 0
0.315 21 1 0
0.315 22 1 0
0.315 23 1 0
0.315 24 1 0
0.315 25 1 0
0.315 26 1 0
0.315 27 1 0
0.320108 1 1 0
0.320108 1 1 0
0.320112 2 1 0
0.320116 3 1 0
0.32012 4 1 0
0.320124 5 1 0
0.320128 6 1 0
0.320132 7 1 0
0.320136 8 1 0
0.32014 9 1 0
0.320144 10 1 0
0.320148 11 1 0
0.320152 12 1 0
0.320156 13 1 0
0.32016 14 1 0
0.321108 2 1 0
0.321112 3 1 0
0.321116 4 1 0
0.32112 5 1 0
0.321124 6 1 0
0.321128 7 1 0
0.321132 8 1 0
0.321136 9 1 0
0.32114 10 1 0
0.321144 11 1 0
0.321148 12 1 0
0.321152 13 1 0
0.321156 14 1 0
0.32116 15 1 0
0.321164 16 1 0
0.321168 17 1 0
0.321172 18 1 0
0.321176 19 1 0
0.32118 20 1 0
0.321184 21 1 0
0.321188 22 1 0
0.321192 23 1 0
0.321196 24 1 0
0.3212 25 1 0
0.321204 26 1 0
0.321208 27 1 0
0.325 1 1 0
0.325 1 1 0
0.325 2 1 0
0.325 3 1 0
0.325 4 1 0
0.325 5 1 0
0.325 6 1 0
0.325 7 1 0
0.325 8 1 0
0.325 9 1 0
0.325 10 1 0
0.325 11 1 0
0.325 12 1 0
0.325 13 1 0
0.325 14 1 0
0.325 2 1 0
0.325 3 1 0
0.325 4 1 0
0.325 5 1 0
0.325 6 1 0
0.325 7 1 0
0.325 8 1 0
0.325 9 1 0
0.325 10 1 0
0.325 11 1 0
0.325 12 1 0
0.325 13 1 0
0.325 14 1 0
0.325 15 1 0
0.325 16 1 0
0.325 17 1 0
0.325 18 1 0
0.325 19 1 0
0.325 20 1 0
0.325 21 1 0
0.325 22 1 0
0.325 23 1 0
0.325 24 1 0
0.325 25 1 0
0.325 26 1 0
0.325 27 1 0
0.330108 1 1 0
0.330108 1 1 0
0.330112 2 1 0
0.330116 3 1 0
0.33012 4 1 0
0.330124 5 1 0
0.330128 6 1 0
0.330132 7 1 0
0.330136 8 1 0
0.33014 9 1 0
0.330144 10 1 0
0.330148 11 1 0
0.330152 12 1 0
0.330156 13 1 0
0.33016 14 1 0
0.331108 2 1 0
0.331112 3 1 0
0.331116 4 1 0
0.33112 5 1 0
0.331124 6 1 0
0.331128 7 1 0
0.331132 8 1 0
0.331136 9 1 0
0.33114 10 1 0
0.331144 11 1 0
0.331148 12 1 0
0.331152 13 1 0
0.331156 14 1 0
0.33116 15 1 0
0.331164 16 1 0
0.331168 17 1 0
0.331172 18 1 0
0.331176 19 1 0
0.33118 20 1 0
0.331184 21 1 0
0.331188 22 1 0
0.331192 23 1 0
0.331196 24 1 0
0.3312 25 1 0
0.331204 26 1 0
0.331208 27 1 0
0.335 1 1 0
0.335 1 1 0
0.335 2 1 0
0.335 3 1 0
0.335 4 1 0
0.335 5 1 0
0.335 6 1 0
0.335 7 1 0
0.335 8 1 0
0.335 9 1 0
0.335 10 1 0
0.335 11 1 0
0.335 12 1 0
0.335 13 1 0
0.335 14 1 0
0.335 2 1 29
0.335 3 1 29
0.335 4 1 29
0.335 5 1 29
0.335 6 1 29
0.335 7 1 29
0.335 8 1 29
0.335 9 1 29
0.335 10 1 29
0.335 11 1 29
0.335 12 1 29
0.335 13 1 29
0.335 14 1 29
0.335 15 1 29
0.335 16 1 29
0.335 17 1 29
0.335 18 1 29
0.335 19 1 29
0.335 20 1 29
0.335 21 1 29
0.335 22 1 29
0.335 23 1 29
0.335 24 1 29
0.335 25 1 29
0.335 26 1 29
0.335 27 1 29
0.340108 1 1 0
0.340108 1 1 0
0.340112 2 1 0
0.340116 3 1 0
0.34012 4 1 0
0.340124 5 1 0
0.340128 6 1 0
0.340132 7 1 0
0.340136 8 1 0
0.34014 9 1 0
0.340144 10 1 0
0.340148 11 1 0
0.340152 12 1 0
0.340156 13 1 0
0.34016 14 1 0
0.341108 2 1 0
0.341112 3 1 0
0.341116 4 1 0
0.34112 5 1 0
0.341124 6 1 0
0.341128 7 1 0
0.341132 8 1 0
0.341136 9 1 0
0.34114 10 1 0
0.341144 11 1 0
0.341148 12 1 0
0.341152 13 1 0
0.341156 14 1 0
0.34116 15 1 0
0.341164 16 1 0
0.341168 17 1 0
0.341172 18 1 0
0.341176 19 1 0
0.34118 20 1 0
0.341184 21 1 0
0.341188 22 1 0
0.341192 23 1 0
0.341196 24 1 0
0.3412 25 1 0
0.341204 26 1 0
0.341208 27 1 0
0.345 1 1 0
0.345 1 1 0
0.345 2 1 0
0.345 3 1 0
0.345 4 1 0
0.345 5 1 0
0.345 6 1 0
0.345 7 1 0
0.345 8 1 0
0.345 9 1 0
0.345 10 1 0
0.345 11 1 0
0.345 12 1 0
0.345 13 1 0
0.345 14 1 0
0.345 2 1 0
0.345 3 1 0
0.345 4 1 0
0.345 5 1 0
0.345 6 1 0
0.345 7 1 0
0.345 8 1 0
0.345 9 1 0
0.345 10 1 0
0.345 11 1 0
0.345 12 1 0
0.345 13 1 0
0.345 14 1 0
0.345 15 1 0
0.345 16 1 0
0.345 17 1 0
0.345 18 1 0
0.345 19 1 0
0.345 20 1 0
0.345 21 1 0
0.345 22 1 0
0.345 23 1 0
0.345 24 1 0
0.345 25 1 0
0.345 26 1 0
0.345 27 1 0
0.350108 1 1 0
0.350108 1 1 0
0.350112 2 1 0
0.350116 3 1 0
0.35012 4 1 0
0.350124 5 1 0
0.350128 6 1 0
0.350132 7 1 0
0.350136 8 1 0
0.35014 9 1 0
0.350144 10 1 0
0.350148 11 1 0
0.350152 12 1 0
0.350156 13 1 0
0.35016 14 1 0
0.351108 2 1 0
0.351112 3 1 0
0.351116 4 1 0
0.35112 5 1 0
0.351124 6 1 0
0.351128 7 1 0
0.351132 8 1 0
0.351136 9 1 0
0.35114 10 1 0
0.351144 11 1 0
0.351148 12 1 0
0.351152 13 1 0
0.351156 14 1 0
0.35116 15 1 0
0.351164 16 1 0
0.351168 17 1 0
0.351172 18 1 0
0.351176 19 1 0
0.35118 20 1 0
0.351184 21 1 0
0.351188 22 1 0
0.351192 23 1 0
0.351196 24 1 0
0.3512 25 1 0
0.351204 26 1 0
0.351208 27 1 0
0.355 1 1 0
0.355 1 1 0
0.355 2 1 0
0.355 3 1 0
0.355 4 1 0
0.355 5 1 0
0.355 6 1 0
0.355 7 1 0
0.355 8 1 0
0.355 9 1 0
0.355 10 1 0
0.355 11 1 0
0.355 12 1 0
0.355 13 1 0
0.355 14 1 0
0.355 2 1 0
0.355 3 1 0
0.355 4 1 0
0.355 5 1 0
0.355 6 1 0
0.355 7 1 0
0.355 8 1 0
0.355 9 1 0
0.355 10 1 0
0.355 11 1 0
0.355 12 1 0
0.355 13 1 0
0.355 14 1 0
0.355 15 1 0
0.355 16 1 0
0.355 17 1 0
0.355 18 1 0
0.355 19 1 0
0.355 20 1 0
0.355 21 1 0
0.355 22 1 0
0.355 23 1 0
0.355 24 1 0
0.355 25 1 0
0.355 26 1 0
0.355 27 1 0
0.360108 1 1 0
0.360108 1 1 0
0.360112 2 1 0
0.360116 3 1 0
0.36012 4 1 0
0.360124 5 1 0
0.360128 6 1 0
0.360132 7 1 0
0.360136 8 1 0
0.36014 9 1 0
0.360144 10 1 0
0.360148 11 1 0
0.360152 12 1 0
0.360156 13 1 0
0.36016 14 1 0
0.361108 2 1 0
0.361112 3 1 0
0.361116 4 1 0
0.36112 5 1 0
0.361124 6 1 0
0.361128 7 1 0
0.361132 8 1 0
0.361136 9 1 0
0.36114 10 1 0
0.361144 11 1 0
0.361148 12 1 0
0.361152 13 1 0
0.361156 14 1 0
0.36116 15 1 0
0.361164 16 1 0
0.361168 17 1 0
0.361172 18 1 0
0.361176 19 1 0
0.36118 20 1 0
0.361184 21 1 0
0.361188 22 1 0
0.361192 23 1 0
0.361196 24 1 0
0.3612 25 1 0
0.361204 26 1 0
0.361208 27 1 0
0.365 1 1 0
0.365 1 1 0
0.365 2 1 0
0.365 3 1 0
0.365 4 1 0
0.365 5 1 0
0.365 6 1 0
0.365 7 1 0
0.365 8 1 0
0.365 9 1 0
0.365 10 1 0
0.365 11 1 0
0.365 12 1 0
0.365 13 1 0
0.365 14 1 0
0.365 2 1 0
0.365 3 1 0
0.365 4 1 0
0.365 5 1 0
0.365 6 1 0
0.365 7 1 0
0.365 8 1 0
0.365 9 1 0
0.365 10 1 0
0.365 11 1 0
0.365 12 1 0
0.365 13 1 0
0.365 14 1 0
0.365 15 1 0
0.365 16 1 0
0.365 17 1 0
0.365 18 1 0
0.365 19 1 0
0.365 20 1 0
0.365 21 1 0
0.365 22 1 0
0.365 23 1 0
0.365 24 1 0
0.365 25 1 0
0.365 26 1 0
0.365 27 1 0
0.370108 1 1 0
0.370108 1 1 0
0.370112 2 1 0
0.370116 3 1 0
0.37012 4 1 0
0.370124 5 1 0
0.370128 6 1 0
0.370132 7 1 0
0.370136 8 1 0
0.37014 9 1 0
0.370144 10 1 0
0.370148 11 1 0
0.370152 12 1 0
0.370156 13 1 0
0.37016 14 1 0
0.371108 2 1 0
0.371112 3 1 0
0.371116 4 1 0
0.37112 5 1 0
0.371124 6 1 0
0.371128 7 1 0
0.371132 8 1 0
0.371136 9 1 0
0.37114 10 1 0
0.371144 11 1 0
0.371148 12 1 0
0.371152 13 1 0
0.371156 14 1 0
0.37116 15 1 0
0.371164 16 1 0
0.371168 17 1 0
0.371172 18 1 0
0.371176 19 1 0
0.37118 20 1 0
0.371184 21 1 0
0.371188 22 1 0
0.371192 23 1 0
0.371196 24 1 0
0.3712 25 1 0
0.371204 26 1 0
0.371208 27 1 0
0.375 1 1 0
0.375 1 1 0
0.375 2 1 0
0.375 3 1 0
0.375 4 1 0
0.375 5 1 0
0.375 6 1 0
0.375 7 1 0
0.375 8 1 0
0.375 9 1 0
0.375 10 1 0
0.375 11 1 0
0.375 12 1 0
0.375 13 1 0
0.375 14 1 0
0.375 2 1 0
0.375 3 1 0
0.375 4 1 0
0.375 5 1 0
0.375 6 1 0
0.375 7 1 0
0.375 8 1 0
0.375 9 1 0
0.375 10 1 0
0.375 11 1 0
0.375 12 1 0
0.375 13 1 0
0.375 14 1 0
0.375 15 1 0
0.375 16 1 0
0.375 17 1 0
0.375 18 1 0
0.375 19 1 0
0.375 20 1 0
0.375 21 1 0
0.375 22 1 0
0.375 23 1 0
0.375 24 1 0
0.375 25 1 0
0.375 26 1 0
0.375 27 1 0
0.380108 1 1 0
0.380108 1 1 0
0.380112 2 1 0
0.380116 3 1 0
0.38012 4 1 0
0.380124 5 1 0
0.380128 6 1 0
0.380132 7 1 0
0.380136 8 1 0
0.38014 9 1 0
0.380144 10 1 0
0.380148 11 1 0
0.380152 12 1 0
0.380156 13 1 0
0.38016 14 1 0
0.381108 2 1 0
0.381112 3 1 0
0.381116 4 1 0
0.38112 5 1 0
0.381124 6 1 0
0.381128 7 1 0
0.381132 8 1 0
0.381136 9 1 0
0.38114 10 1 0
0.381144 11 1 0
0.381148 12 1 0
0.381152 13 1 0
0.381156 14 1 0
0.38116 15 1 0
0.381164 16 1 0
0.381168 17 1 0
0.381172 18 1 0
0.381176 19 1 0
0.38118 20 1 0
0.381184 21 1 0
0.381188 22 1 0
0.381192 23 1 0
0.381196 24 1 0
0.3812 25 1 0
0.381204 26 1 0
0.381208 27 1 0
0.385 1 1 0
0.385 1 1 0
0.385 2 1 0
0.385 3 1 0
0.385 4 1 0
0.385 5 1 0
0.385 6 1 0
0.385 7 1 0
0.385 8 1 0
0.385 9 1 0
0.385 10 1 0
0.385 11 1 0
0.385 12 1 0
0.385 13 1 0
0.385 14 1 0
0.385 2 1 0
0.385 3 1 0
0.385 4 1 0
0.385 5 1 0
0.385 6 1 0
0.385 7 1 0
0.385 8 1 0
0.385 9 1 0
0.385 10 1 0
0.385 11 1 0
0.385 12 1 0
0.385 13 1 0
0.385 14 1 0
0.385 15 1 0
0.385 16 1 0
0.385 17 1 0
0.385 18 1 0
0.385 19 1 0
0.385 20 1 0
0.385 21 1 0
0.385 22 1 0
0.385 23 1 0
0.385 24 1 0
0.385 25 1 0
0.385 26 1 0
0.385 27 1 0
0.390108 1 1 0
0.390108 1 1 0
0.390112 2 1 0
0.390116 3 1 0
0.39012 4 1 0
0.390124 5 1 0
0.390128 6 1 0
0.390132 7 1 0
0.390136 8 1 0
0.39014 9 1 0
0.390144 10 1 0
0.390148 11 1 0
0.390152 12 1 0
0.390156 13 1 0
0.39016 14 1 0
0.391108 2 1 0
0.391112 3 1 0
0.391116 4 1 0
0.39112 5 1 0
0.391124 6 1 0
0.391128 7 1 0
0.391132 8 1 0
0.391136 9 1 0
0.39114 10 1 0
0.391144 11 1 0
0.391148 12 1 0
0.391152 13 1 0
0.391156 14 1 0
0.39116 15 1 0
0.391164 16 1 0
0.391168 17 1 0
0.391172 18 1 0
0.391176 19 1 0
0.39118 20 1 0
0.391184 21 1 0
0.391188 22 1 0
0.391192 23 1 0
0.391196 24 1 0
0.3912 25 1 0
0.391204 26 1 0
0.391208 27 1 0
0.395 1 1 0
0.395 1 1 0
0.395 2 1 0
0.395 3 1 0
0.395 4 1 0
0.395 5 1 0
0.395 6 1 0
0.395 7 1 0
0.395 8 1 0
0.395 9 1 0
0.395 10 1 0
0.395 11 1 0
0.395 12 1 0
0.395 13 1 0
0.395 14 1 0
0.395 2 1 0
0.395 3 1 0
0.395 4 1 0
0.395 5 1 0
0.395 6 1 0
0.395 7 1 0
0.395 8 1 0
0.395 9 1 0
0.395 10 1 0
0.395 11 1 0
0.395 12 1 0
0.395 13 1 0
0.395 14 1 0
0.395 15 1 0
0.395 16 1 0
0.395 17 1 0
0.395 18 1 0
0.395 19 1 0
0.395 20 1 0
0.395 21 1 0
0.395 22 1 0
0.395 23 1 0
0.395 24 1 0
0.395 25 1 0
0.395 26 1 0
0.395 27 1 0
0.400108 1 1 0
0.400108 1 1 0
0.400112 2 1 0
0.400116 3 1 0
0.40012 4 1 0
0.400124 5 1 0
0.400128 6 1 0
0.400132 7 1 0
0.400136 8 1 0
0.40014 9 1 0
0.400144 10 1 0
0.400148 11 1 0
0.400152 12 1 0
0.400156 13 1 0
0.40016 14 1 0
0.401108 2 1 0
0.401112 3 1 0
0.401116 4 1 0
0.40112 5 1 0
0.401124 6 1 0
0.401128 7 1 0
0.401132 8 1 0
0.401136 9 1 0
0.40114 10 1 0
0.401144 11 1 0
0.401148 12 1 0
0.401152 13 1 0
0.401156 14 1 0
0.40116 15 1 0
0.401164 16 1 0
0.401168 17 1 0
0.401172 18 1 0
0.401176 19 1 0
0.40118 20 1 0
0.401184 21 1 0
0.401188 22 1 0
0.401192 23 1 0
0.401196 24 1 0
0.4012 25 1 0
0.401204 26 1 0
0.401208 27 1 0
0.405 1 1 0
0.405 1 1 0
0.405 2 1 0
0.405 3 1 0
0.405 4 1 0
0.405 5 1 0
0.405 6 1 0
0.405 7 1 0
0.405 8 1 0
0.405 9 1 0
0.405 10 1 0
0.405 11 1 0
0.405 12 1 0
0.405 13 1 0
0.405 14 1 0
0.405 2 1 0
0.405 3 1 0
0.405 4 1 0
0.405 5 1 0
0.405 6 1 0
0.405 7 1 0
0.405 8 1 0
0.405 9 1 0
0.405 10 1 0
0.405 11 1 0
0.405 12 1 0
0.405 13 1 0
0.405 14 1 0
0.405 15 1 0
0.405 16 1 0
0.405 17 1 0
0.405 18 1 0
0.405 19 1 0
0.405 20 1 0
0.405 21 1 0
0.405 22 1 0
0.405 23 1 0
0.405 24 1 0
0.405 25 1 0
0.405 26 1 0
0.405 27 1 0
0.410108 1 1 0
0.410108 1 1 0
0.410112 2 1 0
0.410116 3 1 0
0.41012 4 1 0
0.410124 5 1 0
0.410128 6 1 0
0.410132 7 1 0
0.410136 8 1 0
0.41014 9 1 0
0.410144 10 1 0
0.410148 11 1 0
0.410152 12 1 0
0.410156 13 1 0
0.41016 14 1 0
0.411108 2 1 0
0.411112 3 1 0
0.411116 4 1 0
0.41112 5 1 0
0.411124 6 1 0
0.411128 7 1 0
0.411132 8 1 0
0.411136 9 1 0
0.41114 10 1 0
0.411144 11 1 0
0.411148 12 1 0
0.411152 13 1 0
0.411156 14 1 0
0.41116 15 1 0
0.411164 16 1 0
0.411168 17 1 0
0.411172 18 1 0
0.411176 19 1 0
0.41118 20 1 0
0.411184 21 1 0
0.411188 22 1 0
0.411192 23 1 0
0.411196 24 1 0
0.4112 25 1 0
0.411204 26 1 0
0.411208 27 1 0
0.415 1 1 0
0.415 1 1 0
0.415 2 1 0
0.415 3 1 0
0.415 4 1 0
0.415 5 1 0
0.415 6 1 0
0.415 7 1 0
0.415 8 1 0
0.415 9 1 0
0.415 10 1 0
0.415 11 1 0
0.415 12 1 0
0.415 13 1 0
0.415 14 1 0
0.415 2 1 0
0.415 3 1 0
0.415 4 1 0
0.415 5 1 0
0.415 6 1 0
0.415 7 1 0
0.415 8 1 0
0.415 9 1 0
0.415 10 1 0
0.415 11 1 0
0.415 12 1 0
0.415 13 1 0
0.415 14 1 0
0.415 15 1 0
0.415 16 1 0
0.415 17 1 0
0.415 18 1 0
0.415 19 1 0
0.415 20 1 0
0.415 21 1 0
0.415 22 1 0
0.415 23 1 0
0.415 24 1 0
0.415 25 1 0
0.415 26 1 0
0.415 27 1 0
0.420108 1 1 0
0.420108 1 1 0
0.420112 2 1 0
0.420116 3 1 0
0.42012 4 1 0
0.420124 5 1 0
0.420128 6 1 0
0.420132 7 1 0
0.420136 8 1 0
0.42014 9 1 0
0.420144 10 1 0
0.420148 11 1 0
0.420152 12 1 0
0.420156 13 1 0
0.42016 14 1 0
0.421108 2 1 0
0.421112 3 1 0
0.421116 4 1 0
0.42112 5 1 0
0.421124 6 1 0
0.421128 7 1 0
0.421132 8 1 0
0.421136 9 1 0
0.42114 10 1 0
0.421144 11 1 0
0.421148 12 1 0
0.421152 13 1 0
0.421156 14 1 0
0.42116 15 1 0
0.421164 16 1 0
0.421168 17 1 0
0.421172 18 1 0
0.421176 19 1 0
0.42118 20 1 0
0.421184 21 1 0
0.421188 22 1 0
0.421192 23 1 0
0.421196 24 1 0
0.4212 25 1 0
0.421204 26 1 0
0.421208 27 1 0
0.425 1 1 0
0.425 1 1 0
0.425 2 1 0
0.425 3 1 0
0.425 4 1 0
0.425 5 1 0
0.425 6 1 0
0.425 7 1 0
0.425 8 1 0
0.425 9 1 0
0.425 10 1 0
0.425 11 1 0
0.425 12 1 0
0.425 13 1 0
0.425 14 1 0
0.425 2 1 0
0.425 3 1 0
0.425 4 1 0
0.425 5 1 0
0.425 6 1 0
0.425 7 1 0
0.425 8 1 0
0.425 9 1 0
0.425 10 1 0
0.425 11 1 0
0.425 12 1 0
0.425 13 1 0
0.425 14 1 0
0.425 15 1 0
0.425 16 1 0
0.425 17 1 0
0.425 18 1 0
0.425 19 1 0
0.425 20 1 0
0.425 21 1 0
0.425 22 1 0
0.425 23 1 0
0.425 24 1 0
0.425 25 1 0
0.425 26 1 0
0.425 27 1 0
0.430108 1 1 0
0.430108 1 1 0
0.430112 2 1 0
0.430116 3 1 0
0.43012 4 1 0
0.430124 5 1 0
0.430128 6 1 0
0.430132 7 1 0
0.430136 8 1 0
0.43014 9 1 0
0.430144 10 1 0
0.430148 11 1 0
0.430152 12 1 0
0.430156 13 1 0
0.43016 14 1 0
0.431108 2 1 0
0.431112 3 1 0
0.431116 4 1 0
0.43112 5 1 0
0.431124 6 1 0
0.431128 7 1 0
0.431132 8 1 0
0.431136 9 1 0
0.43114 10 1 0
0.431144 11 1 0
0.431148 12 1 0
0.431152 13 1 0
0.431156 14 1 0
0.43116 15 1 0
0.431164 16 1 0
0.431168 17 1 0
0.431172 18 1 0
0.431176 19 1 0
0.43118 20 1 0
0.431184 21 1 0
0.431188 22 1 0
0.431192 23 1 0
0.431196 24 1 0
0.4312 25 1 0
0.431204 26 1 0
0.431208 27 1 0
0.435 1 1 0
0.435 1 1 0
0.435 2 1 0
0.435 3 1 0
0.435 4 1 0
0.435 5 1 0
0.435 6 1 0
0.435 7 1 0
0.435 8 1 0
0.435 9 1 0
0.435 10 1 0
0.435 11 1 0
0.435 12 1 0
0.435 13 1 0
0.435 14 1 0
0.435 2 1 0
0.435 3 1 0
0.435 4 1 0
0.435 5 1 0
0.435 6 1 0
0.435 7 1 0
0.435 8 1 0
0.435 9 1 0
0.435 10 1 0
0.435 11 1 0
0.435 12 1 0
0.435 13 1 0
0.435 14 1 0
0.435 15 1 0
0.435 16 1 0
0.435 17 1 0
0.435 18 1 0
0.435 19 1 0
0.435 20 1 0
0.435 21 1 0
0.435 22 1 0
0.435 23 1 0
0.435 24 1 0
0.435 25 1 0
0.435 26 1 0
0.435 27 1 0
0.440108 1 1 0
0.440108 1 1 0
0.440112 2 1 0
0.440116 3 1 0
0.44012 4 1 0
0.440124 5 1 0
0.440128 6 1 0
0.440132 7 1 0
0.440136 8 1 0
0.44014 9 1 0
0.440144 10 1 0
0.440148 11 1 0
0.440152 12 1 0
0.440156 13 1 0
0.44016 14 1 0
0.441108 2 1 0
0.441112 3 1 0
0.441116 4 1 0
0.44112 5 1 0
0.441124 6 1 0
0.441128 7 1 0
0.441132 8 1 0
0.441136 9 1 0
0.44114 10 1 0
0.441144 11 1 0
0.441148 12 1 0
0.441152 13 1 0
0.441156 14 1 0
0.44116 15 1 0
0.441164 16 1 0
0.441168 17 1 0
0.441172 18 1 0
0.441176 19 1 0
0.44118 20 1 0
0.441184 21 1 0
0.441188 22 1 0
0.441192 23 1 0
0.441196 24 1 0
0.4412 25 1 0
0.441204 26 1 0
0.441208 27 1 0
0.445 1 1 0
0.445 1 1 0
0.445 2 1 0
0.445 3 1 0
0.445 4 1 0
0.445 5 1 0
0.445 6 1 0
0.445 7 1 0
0.445 8 1 0
0.445 9 1 0
0.445 10 1 0
0.445 11 1 0
0.445 12 1 0
0.445 13 1 0
0.445 14 1 0
0.445 2 1 0
0.445 3 1 0
0.445 4 1 0
0.445 5 1 0
0.445 6 1 0
0.445 7 1 0
0.445 8 1 0
0.445 9 1 0
0.445 10 1 0
0.445 11 1 0
0.445 12 1 0
0.445 13 1 0
0.445 14 1 0
0.445 15 1 0
0.445 16 1 0
0.445 17 1 0
0.445 18 1 0
0.445 19 1 0
0.445 20 1 0
0.445 21 1 0
0.445 22 1 0
0.445 23 1 0
0.445 24 1 0
0.445 25 1 0
0.445 26 1 0
0.445 27 1 0
0.450108 1 1 0
0.450108 1 1 0
0.450112 2 1 0
0.450116 3 1 0
0.45012 4 1 0
0.450124 5 1 0
0.450128 6 1 0
0.450132 7 1 0
0.450136 8 1 0
0.45014 9 1 0
0.450144 10 1 0
0.450148 11 1 0
0.450152 12 1 0
0.450156 13 1 0
0.45016 14 1 0
0.451108 2 1 0
0.451112 3 1 0
0.451116 4 1 0
0.45112 5 1 0
0.451124 6 1 0
0.451128 7 1 0
0.451132 8 1 0
0.451136 9 1 0
0.45114 10 1 0
0.451144 11 1 0
0.451148 12 1 0
0.451152 13 1 0
0.451156 14 1 0
0.45116 15 1 0
0.451164 16 1 0
0.451168 17 1 0
0.451172 18 1 0
0.451176 19 1 0
0.45118 20 1 0
0.451184 21 1 0
0.451188 22 1 0
0.451192 23 1 0
0.451196 24 1 0
0.4512 25 1 0
0.451204 26 1 0
0.451208 27 1 0
0.455 1 1 0
0.455 1 1 0
0.455 2 1 0
0.455 3 1 0
0.455 4 1 0
0.455 5 1 0
0.455 6 1 0
0.455 7 1 0
0.455 8 1 0
0.455 9 1 0
0.455 10 1 0
0.455 11 1 0
0.455 12 1 0
0.455 13 1 0
0.455 14 1 0
0.455 2 1 0
0.455 3 1 0
0.455 4 1 0
0.455 5 1 0
0.455 6 1 0
0.455 7 1 0
0.455 8 1 0
0.455 9 1 0
0.455 10 1 0
0.455 11 1 0
0.455 12 1 0
0.455 13 1 0
0.455 14 1 0
0.455 15 1 0
0.455 16 1 0
0.455 17 1 0
0.455 18 1 0
0.455 19 1 0
0.455 20 1 0
0.455 21 1 0
0.455 22 1 0
0.455 23 1 0
0.455 24 1 0
0.455 25 1 0
0.455 26 1 0
0.455 27 1 0
0.460108 1 1 0
0.460108 1 1 0
0.460112 2 1 0
0.460116 3 1 0
0.46012 4 1 0
0.460124 5 1 0
0.460128 6 1 0
0.460132 7 1 0
0.460136 8 1 0
0.46014 9 1 0
0.460144 10 1 0
0.460148 11 1 0
0.460152 12 1 0
0.460156 13 1 0
0.46016 14 1 0
0.461108 2 1 0
0.461112 3 1 0
0.461116 4 1 0
0.46112 5 1 0
0.461124 6 1 0
0.461128 7 1 0
0.461132 8 1 0
0.461136 9 1 0
0.46114 10 1 0
0.461144 11 1 0
0.461148 12 1 0
0.461152 13 1 0
0.461156 14 1 0
0.46116 15 1 0
0.461164 16 1 0
0.461168 17 1 0
0.461172 18 1 0
0.461176 19 1 0
0.46118 20 1 0
0.461184 21 1 0
0.461188 22 1 0
0.461192 23 1 0
0.461196 24 1 0
0.4612 25 1 0
0.461204 26 1 0
0.461208 27 1 0
0.465 1 1 0
0.465 1 1 0
0.465 2 1 0
0.465 3 1 0
0.465 4 1 0
0.465 5 1 0
0.465 6 1 0
0.465 7 1 0
0.465 8 1 0
0.465 9 1 0
0.465 10 1 0
0.465 11 1 0
0.465 12 1 0
0.465 13 1 0
0.465 14 1 0
0.465 2 1 0
0.465 3 1 0
0.465 4 1 0
0.465 5 1 0
0.465 6 1 0
0.465 7 1 0
0.465 8 1 0
0.465 9 1 0
0.465 10 1 0
0.465 11 1 0
0.465 12 1 0
0.465 13 1 0
0.465 14 1 0
0.465 15 1 0
0.465 16 1 0
0.465 17 1 0
0.465 18 1 0
0.465 19 1 0
0.465 20 1 0
0.465 21 1 0
0.465 22 1 0
0.465 23 1 0
0.465 24 1 0
0.465 25 1 0
0.465 26 1 0
0.465 27 1 0
0.470108 1 1 0
0.470108 1 1 0
0.470112 2 1 0
0.470116 3 1 0
0.47012 4 1 0
0.470124 5 1 0
0.470128 6 1 0
0.470132 7 1 0
0.470136 8 1 0
0.47014 9 1 0
0.470144 10 1 0
0.470148 11 1 0
0.470152 12 1 0
0.470156 13 1 0
0.47016 14 1 0
0.471108 2 1 0
0.471112 3 1 0
0.471116 4 1 0
0.47112 5 1 0
0.471124 6 1 0
0.471128 7 1 0
0.471132 8 1 0
0.471136 9 1 0
0.47114 10 1 0
0.471144 11 1 0
0.471148 12 1 0
0.471152 13 1 0
0.471156 14 1 0
0.47116 15 1 0
0.471164 16 1 0
0.471168 17 1 0
0.471172 18 1 0
0.471176 19 1 0
0.47118 20 1 0
0.471184 21 1 0
0.471188 22 1 0
0.471192 23 1 0
0.471196 24 1 0
0.4712 25 1 0
0.471204 26 1 0
0.471208 27 1 0
0.475 1 1 0
0.475 1 1 0
0.475 2 1 0
0.475 3 1 0
0.475 4 1 0
0.475 5 1 0
0.475 6 1 0
0.475 7 1 0
0.475 8 1 0
0.475 9 1 0
0.475 10 1 0
0.475 11 1 0
0.475 12 1 0
0.475 13 1 0
0.475 14 1 0
0.475 2 1 0
0.475 3 1 0
0.475 4 1 0
0.475 5 1 0
0.475 6 1 0
0.475 7 1 0
0.475 8 1 0
0.475 9 1 0
0.475 10 1 0
0.475 11 1 0
0.475 12 1 0
0.475 13 1 0
0.475 14 1 0
0.475 15 1 0
0.475 16 1 0
0.475 17 1 0
0.475 18 1 0
0.475 19 1 0
0.475 20 1 0
0.475 21 1 0
0.475 22 1 0
0.475 23 1 0
0.475 24 1 0
0.475 25 1 0
0.475 26 1 0
0.475 27 1 0
0.480108 1 1 0
0.480108 1 1 0
0.480112 2 1 0
0.480116 3 1 0
0.48012 4 1 0
0.480124 5 1 0
0.480128 6 1 0
0.480132 7 1 0
0.480136 8 1 0
0.48014 9 1 0
0.480144 10 1 0
0.480148 11 1 0
0.480152 12 1 0
0.480156 13 1 0
0.48016 14 1 0
0.481108 2 1 0
0.481112 3 1 0
0.481116 4 1 0
0.48112 5 1 0
0.481124 6 1 0
0.481128 7 1 0
0.481132 8 1 0
0.481136 9 1 0
0.48114 10 1 0
0.481144 11 1 0
0.481148 12 1 0
0.481152 13 1 0
0.481156 14 1 0
0.48116 15 1 0
0.481164 16 1 0
0.481168 17 1 0
0.481172 18 1 0
0.481176 19 1 0
0.48118 20 1 0
0.481184 21 1 0
0.481188 22 1 0
0.481192 23 1 0
0.481196 24 1 0
0.4812 25 1 0
0.481204 26 1 0
0.481208 27 1 0
0.485 1 1 0
0.485 1 1 0
0.485 2 1 0
0.485 3 1 0
0.485 4 1 0
0.485 5 1 0
0.485 6 1 0
0.485 7 1 0
0.485 8 1 0
0.485 9 1 0
0.485 10 1 0
0.485 11 1 0
0.485 12 1 0
0.485 13 1 0
0.485 14 1 0
0.485 2 1 0
0.485 3 1 0
0.485 4 1 0
0.485 5 1 0
0.485 6 1 0
0.485 7 1 0
0.485 8 1 0
0.485 9 1 0
0.485 10 1 0
0.485 11 1 0
0.485 12 1 0
0.485 13 1 0
0.485 14 1 0
0.485 15 1 0
0.485 16 1 0
0.485 17 1 0
0.485 18 1 0
0.485 19 1 0
0.485 20 1 0
0.485 21 1 0
0.485 22 1 0
0.485 23 1 0
0.485 24 1 0
0.485 25 1 0
0.485 26 1 0
0.485 27 1 0
0.490108 1 1 0
0.490108 1 1 0
0.490112 2 1 0
0.490116 3 1 0
0.49012 4 1 0
0.490124 5 1 0
0.490128 6 1 0
0.490132 7 1 0
0.490136 8 1 0
0.49014 9 1 0
0.490144 10 1 0
0.490148 11 1 0
0.490152 12 1 0
0.490156 13 1 0
0.49016 14 1 0
0.491108 2 1 0
0.491112 3 1 0
0.491116 4 1 0
0.49112 5 1 0
0.491124 6 1 0
0.491128 7 1 0
0.491132 8 1 0
0.491136 9 1 0
0.49114 10 1 0
0.491144 11 1 0
0.491148 12 1 0
0.491152 13 1 0
0.491156 14 1 0
0.49116 15 1 0
0.491164 16 1 0
0.491168 17 1 0
0.491172 18 1 0
0.491176 19 1 0
0.49118 20 1 0
0.491184 21 1 0
0.491188 22 1 0
0.491192 23 1 0
0.491196 24 1 0
0.4912 25 1 0
0.491204 26 1 0
0.491208 27 1 0
0.495 1 1 0
0.495 1 1 0
0.495 2 1 0
0.495 3 1 0
0.495 4 1 0
0.495 5 1 0
0.495 6 1 0
0.495 7 1 0
0.495 8 1 0
0.495 9 1 0
0.495 10 1 0
0.495 11 1 0
0.495 12 1 0
0.495 13 1 0
0.495 14 1 0
0.495 2 1 0
0.495 3 1 0
0.495 4 1 0
0.495 5 1 0
0.495 6 1 0
0.495 7 1 0
0.495 8 1 0
0.495 9 1 0
0.495 10 1 0
0.495 11 1 0
0.495 12 1 0
0.495 13 1 0
0.495 14 1 0
0.495 15 1 0
0.495 16 1 0
0.495 17 1 0
0.495 18 1 0
0.495 19 1 0
0.495 20 1 0
0.495 21 1 0
0.495 22 1 0
0.495 23 1 0
0.495 24 1 0
0.495 25 1 0
0.495 26 1 0
0.495 27 1 0
0.500108 1 1 0
0.500108 1 1 0
0.500112 2 1 0
0.500116 3 1 0
0.50012 4 1 0
0.500124 5 1 0
0.500128 6 1 0
0.500132 7 1 0
0.500136 8 1 0
0.50014 9 1 0
0.500144 10 1 0
0.500148 11 1 0
0.500152 12 1 0
0.500156 13 1 0
0.50016 14 1 0
0.501108 2 1 0
0.501112 3 1 0
0.501116 4 1 0
0.50112 5 1 0
0.501124 6 1 0
0.501128 7 1 0
0.501132 8 1 0
0.501136 9 1 0
0.50114 10 1 0
0.501144 11 1 0
0.501148 12 1 0
0.501152 13 1 0
0.501156 14 1 0
0.50116 15 1 0
0.501164 16 1 0
0.501168 17 1 0
0.501172 18 1 0
0.501176 19 1 0
0.50118 20 1 0
0.501184 21 1 0
0.501188 22 1 0
0.501192 23 1 0
0.501196 24 1 0
0.5012 25 1 0
0.501204 26 1 0
0.501208 27 1 0
0.505 1 1 0
0.505 1 1 0
0.505 2 1 0
0.505 3 1 0
0.505 4 1 0
0.505 5 1 0
0.505 6 1 0
0.505 7 1 0
0.505 8 1 0
0.505 9 1 0
0.505 10 1 0
0.505 11 1 0
0.505 12 1 0
0.505 13 1 0
0.505 14 1 0
0.505 2 1 0
0.505 3 1 0
0.505 4 1 0
0.505 5 1 0
0.505 6 1 0
0.505 7 1 0
0.505 8 1 0
0.505 9 1 0
0.505 10 1 0
0.505 11 1 0
0.505 12 1 0
0.505 13 1 0
0.505 14 1 0
0.505 15 1 0
0.505 16 1 0
0.505 17 1 0
0.505 18 1 0
0.505 19 1 0
0.505 20 1 0
0.505 21 1 0
0.505 22 1 0
0.505 23 1 0
0.505 24 1 0
0.505 25 1 0
0.505 26 1 0
0.505 27 1 0
0.510108 1 1 0
0.510108 1 1 0
0.510112 2 1 0
0.510116 3 1 0
0.51012 4 1 0
0.510124 5 1 0
0.510128 6 1 0
0.510132 7 1 0
0.510136 8 1 0
0.51014 9 1 0
0.510144 10 1 0
0.510148 11 1 0
0.510152 12 1 0
0.510156 13 1 0
0.51016 14 1 0
0.511108 2 1 0
0.511112 3 1 0
0.511116 4 1 0
0.51112 5 1 0
0.511124 6 1 0
0.511128 7 1 0
0.511132 8 1 0
0.511136 9 1 0
0.51114 10 1 0
0.511144 11 1 0
0.511148 12 1 0
0.511152 13 1 0
0.511156 14 1 0
0.51116 15 1 0
0.511164 16 1 0
0.511168 17 1 0
0.511172 18 1 0
0.511176 19 1 0
0.51118 20 1 0
0.511184 21 1 0
0.511188 22 1 0
0.511192 23 1 0
0.511196 24 1 0
0.5112 25 1 0
0.511204 26 1 0
0.511208 27 1 0
0.515 1 1 0
0.515 1 1 0
0.515 2 1 0
0.515 3 1 0
0.515 4 1 0
0.515 5 1 0
0.515 6 1 0
0.515 7 1 0
0.515 8 1 0
0.515 9 1 0
0.515 10 1 0
0.515 11 1 0
0.515 12 1 0
0.515 13 1 0
0.515 14 1 0
0.515 2 1 0
0.515 3 1 0
0.515 4 1 0
0.515 5 1 0
0.515 6 1 0
0.515 7 1 0
0.515 8 1 0
0.515 9 1 0
0.515 10 1 0
0.515 11 1 0
0.515 12 1 0
0.515 13 1 0
0.515 14 1 0
0.515 15 1 0
0.515 16 1 0
0.515 17 1 0
0.515 18 1 0
0.515 19 1 0
0.515 20 1 0
0.515 21 1 0
0.515 22 1 0
0.515 23 1 0
0.515 24 1 0
0.515 25 1 0
0.515 26 1 0
0.515 27 1 0
0.520108 1 1 0
0.520108 1 1 0
0.520112 2 1 0
0.520116 3 1 0
0.52012 4 1 0
0.520124 5 1 0
0.520128 6 1 0
0.520132 7 1 0
0.520136 8 1 0
0.52014 9 1 0
0.520144 10 1 0
0.520148 11 1 0
0.520152 12 1 0
0.520156 13 1 0
0.52016 14 1 0
0.521108 2 1 0
0.521112 3 1 0
0.521116 4 1 0
0.52112 5 1 0
0.521124 6 1 0
0.521128 7 1 0
0.521132 8 1 0
0.521136 9 1 0
0.52114 10 1 0
0.521144 11 1 0
0.521148 12 1 0
0.521152 13 1 0
0.521156 14 1 0
0.52116 15 1 0
0.521164 16 1 0
0.521168 17 1 0
0.521172 18 1 0
0.521176 19 1 0
0.52118 20 1 0
0.521184 21 1 0
0.521188 22 1 0
0.521192 23 1 0
0.521196 24 1 0
0.5212 25 1 0
0.521204 26 1 0
0.521208 27 1 0
0.525 1 1 0
0.525 1 1 0
0.525 2 1 0
0.525 3 1 0
0.525 4 1 0
0.525 5 1 0
0.525 6 1 0
0.525 7 1 0
0.525 8 1 0
0.525 9 1 0
0.525 10 1 0
0.525 11 1 0
0.525 12 1 0
0.525 13 1 0
0.525 14 1 0
0.525 2 1 0
0.525 3 1 0
0.525 4 1 0
0.525 5 1 0
0.525 6 1 0
0.525 7 1 0
0.525 8 1 0
0.525 9 1 0
0.525 10 1 0
0.525 11 1 0
0.525 12 1 0
0.525 13 1 0
0.525 14 1 0
0.525 15 1 0
0.525 16 1 0
0.525 17 1 0
0.525 18 1 0
0.525 19 1 0
0.525 20 1 0
0.525 21 1 0
0.525 22 1 0
0.525 23 1 0
0.525 24 1 0
0.525 25 1 0
0.525 26 1 0
0.525 27 1 0
0.530108 1 1 0
0.530108 1 1 0
0.530112 2 1 0
0.530116 3 1 0
0.53012 4 1 0
0.530124 5 1 0
0.530128 6 1 0
0.530132 7 1 0
0.530136 8 1 0
0.53014 9 1 0
0.530144 10 1 0
0.530148 11 1 0
0.530152 12 1 0
0.530156 13 1 0
0.53016 14 1 0
0.531108 2 1 0
0.531112 3 1 0
0.531116 4 1 0
0.53112 5 1 0
0.531124 6 1 0
0.531128 7 1 0
0.531132 8 1 0
0.531136 9 1 0
0.53114 10 1 0
0.531144 11 1 0
0.531148 12 1 0
0.531152 13 1 0
0.531156 14 1 0
0.53116 15 1 0
0.531164 16 1 0
0.531168 17 1 0
0.531172 18 1 0
0.531176 19 1 0
0.53118 20 1 0
0.531184 21 1 0
0.531188 22 1 0
0.531192 23 1 0
0.531196 24 1 0
0.5312 25 1 0
0.531204 26 1 0
0.531208 27 1 0
0.535 1 1 0
0.535 1 1 0
0.535 2 1 0
0.535 3 1 0
0.535 4 1 0
0.535 5 1 0
0.535 6 1 0
0.535 7 1 0
0.535 8 1 0
0.535 9 1 0
0.535 10 1 0
0.535 11 1 0
0.535 12 1 0
0.535 13 1 0
0.535 14 1 0
0.535 2 1 0
0.535 3 1 0
0.535 4 1 0
0.535 5 1 0
0.535 6 1 0
0.535 7 1 0
0.535 8 1 0
0.535 9 1 0
0.535 10 1 0
0.535 11 1 0
0.535 12 1 0
0.535 13 1 0
0.535 14 1 0
0.535 15 1 0
0.535 16 1 0
0.535 17 1 0
0.535 18 1 0
0.535 19 1 0
0.535 20 1 0
0.535 21 1 0
0.535 22 1 0
0.535 23 1 0
0.535 24 1 0
0.535 25 1 0
0.535 26 1 0
0.535 27 1 0
0.540108 1 1 0
0.540108 1 1 0
0.540112 2 1 0
0.540116 3 1 0
0.54012 4 1 0
0.540124 5 1 0
0.540128 6 1 0
0.540132 7 1 0
0.540136 8 1 0
0.54014 9 1 0
0.540144 10 1 0
0.540148 11 1 0
0.540152 12 1 0
0.540156 13 1 0
0.54016 14 1 0
0.541108 2 1 0
0.541112 3 1 0
0.541116 4 1 0
0.54112 5 1 0
0.541124 6 1 0
0.541128 7 1 0
0.541132 8 1 0
0.541136 9 1 0
0.54114 10 1 0
0.541144 11 1 0
0.541148 12 1 0
0.541152 13 1 0
0.541156 14 1 0
0.54116 15 1 0
0.541164 16 1 0
0.541168 17 1 0
0.541172 18 1 0
0.541176 19 1 0
0.54118 20 1 0
0.541184 21 1 0
0.541188 22 1 0
0.541192 23 1 0
0.541196 24 1 0
0.5412 25 1 0
0.541204 26 1 0
0.541208 27 1 0
0.545 1 1 0
0.545 1 1 0
0.545 2 1 0
0.545 3 1 0
0.545 4 1 0
0.545 5 1 0
0.545 6 1 0
0.545 7 1 0
0.545 8 1 0
0.545 9 1 0
0.545 10 1 0
0.545 11 1 0
0.545 12 1 0
0.545 13 1 0
0.545 14 1 0
0.545 2 1 0
0.545 3 1 0
0.545 4 1 0
0.545 5 1 0
0.545 6 1 0
0.545 7 1 0
0.545 8 1 0
0.545 9 1 0
0.545 10 1 0
0.545 11 1 0
0.545 12 1 0
0.545 13 1 0
0.545 14 1 0
0.545 15 1 0
0.545 16 1 0
0.545 17 1 0
0.545 18 1 0
0.545 19 1 0
0.545 20 1 0
0.545 21 1 0
0.545 22 1 0
0.545 23 1 0
0.545 24 1 0
0.545 25 1 0
0.545 26 1 0
0.545 27 1 0
0.550108 1 1 0
0.550108 1 1 0
0.550112 2 1 0
0.550116 3 1 0
0.55012 4 1 0
0.550124 5 1 0
0.550128 6 1 0
0.550132 7 1 0
0.550136 8 1 0
0.55014 9 1 0
0.550144 10 1 0
0.550148 11 1 0
0.550152 12 1 0
0.550156 13 1 0
0.55016 14 1 0
0.551108 2 1 0
0.551112 3 1 0
0.551116 4 1 0
0.55112 5 1 0
0.551124 6 1 0
0.551128 7 1 0
0.551132 8 1 0
0.551136 9 1 0
0.55114 10 1 0
0.551144 11 1 0
0.551148 12 1 0
0.551152 13 1 0
0.551156 14 1 0
0.55116 15 1 0
0.551164 16 1 0
0.551168 17 1 0
0.551172 18 1 0
0.551176 19 1 0
0.55118 20 1 0
0.551184 21 1 0
0.551188 22 1 0
0.551192 23 1 0
0.551196 24 1 0
0.5512 25 1 0
0.551204 26 1 0
0.551208 27 1 0
0.555 1 1 0
0.555 1 1 0
0.555 2 1 0
0.555 3 1 0
0.555 4 1 0
0.555 5 1 0
0.555 6 1 0
0.555 7 1 0
0.555 8 1 0
0.555 9 1 0
0.555 10 1 0
0.555 11 1 0
0.555 12 1 0
0.555 13 1 0
0.555 14 1 0
0.555 2 1 0
0.555 3 1 0
0.555 4 1 0
0.555 5 1 0
0.555 6 1 0
0.555 7 1 0
0.555 8 1 0
0.555 9 1 0
0.555 10 1 0
0.555 11 1 0
0.555 12 1 0
0.555 13 1 0
0.555 14 1 0
0.555 15 1 0
0.555 16 1 0
0.555 17 1 0
0.555 18 1 0
0.555 19 1 0
0.555 20 1 0
0.555 21 1 0
0.555 22 1 0
0.555 23 1 0
0.555 24 1 0
0.555 25 1 0
0.555 26 1 0
0.555 27 1 0
0.560108 1 1 0
0.560108 1 1 0
0.560112 2 1 0
0.560116 3 1 0
0.56012 4 1 0
0.560124 5 1 0
0.560128 6 1 0
0.560132 7 1 0
0.560136 8 1 0
0.56014 9 1 0
0.560144 10 1 0
0.560148 11 1 0
0.560152 12 1 0
0.560156 13 1 0
0.56016 14 1 0
0.561108 2 1 0
0.561112 3 1 0
0.561116 4 1 0
0.56112 5 1 0
0.561124 6 1 0
0.561128 7 1 0
0.561132 8 1 0
0.561136 9 1 0
0.56114 10 1 0
0.561144 11 1 0
0.561148 12 1 0
0.561152 13 1 0
0.561156 14 1 0
0.56116 15 1 0
0.561164 16 1 0
0.561168 17 1 0
0.561172 18 1 0
0.561176 19 1 0
0.56118 20 1 0
0.561184 21 1 0
0.561188 22 1 0
0.561192 23 1 0
0.561196 24 1 0
0.5612 25 1 0
0.561204 26 1 0
0.561208 27 1 0
0.565 1 1 0
0.565 1 1 0
0.565 2 1 0
0.565 3 1 0
0.565 4 1 0
0.565 5 1 0
0.565 6 1 0
0.565 7 1 0
0.565 8 1 0
0.565 9 1 0
0.565 10 1 0
0.565 11 1 0
0.565 12 1 0
0.565 13 1 0
0.565 14 1 0
0.565 2 1 0
0.565 3 1 0
0.565 4 1 0
0.565 5 1 0
0.565 6 1 0
0.565 7 1 0
0.565 8 1 0
0.565 9 1 0
0.565 10 1 0
0.565 11 1 0
0.565 12 1 0
0.565 13 1 0
0.565 14 1 0
0.565 15 1 0
0.565 16 1 0
0.565 17 1 0
0.565 18 1 0
0.565 19 1 0
0.565 20 1 0
0.565 21 1 0
0.565 22 1 0
0.565 23 1 0
0.565 24 1 0
0.565 25 1 0
0.565 26 1 0
0.565 27 1 0
