0.013108 1 1 1 1 4 5000000
0.043112 1 1 1 1 3 5004000
0.310184 1 1 1 3 65 5680000
0.310184 1 1 1 3 65 5680000
0.310184 1 1 1 3 65 5680000
0.310184 1 1 1 3 65 5680000
0.310184 1 1 1 3 65 5680000
0.310184 1 1 1 3 65 5680000
0.310184 1 1 1 3 65 5680000
0.310184 1 1 1 3 65 5680000
0.310184 1 1 1 3 65 5680000
0.310184 1 1 1 3 65 5680000
0.310184 1 1 1 3 65 5680000
0.310184 1 1 1 3 65 5680000
0.310184 1 1 1 3 65 5680000
0.310184 1 1 1 3 65 5680000
0.313108 2 1 5 1 4 5000000
0.313112 2 2 9 1 4 5000000
0.313116 2 3 10 1 4 5000000
0.31312 2 4 15 1 4 5000000
0.313124 2 5 16 1 4 5000000
0.313128 2 6 18 1 4 5000000
0.313132 2 7 19 1 4 5000000
0.313136 2 8 21 1 4 5000000
0.31314 2 9 25 1 4 5000000
0.313144 2 10 28 1 4 5000000
0.313148 2 11 29 1 4 5000000
0.313152 2 12 30 1 4 5000000
0.313156 2 13 34 1 4 5000000
0.31316 2 14 37 1 4 5000000
0.315108 1 2 2 1 4 6000000
0.315112 1 3 3 1 4 6000000
0.315116 1 4 4 1 4 6000000
0.31512 1 5 6 1 4 6000000
0.315124 1 6 7 1 4 6000000
0.315128 1 7 8 1 4 6000000
0.315132 1 8 11 1 4 6000000
0.315136 1 9 12 1 4 6000000
0.31514 1 10 13 1 4 6000000
0.315144 1 11 14 1 4 6000000
0.315148 1 12 17 1 4 6000000
0.315152 1 13 20 1 4 6000000
0.315156 1 14 22 1 4 6000000
0.31516 1 15 23 1 4 6000000
0.315164 1 16 24 1 4 6000000
0.315168 1 17 26 1 4 6000000
0.315172 1 18 27 1 4 6000000
0.315176 1 19 31 1 4 6000000
0.31518 1 20 32 1 4 6000000
0.315184 1 21 33 1 4 6000000
0.315188 1 22 35 1 4 6000000
0.315192 1 23 36 1 4 6000000
0.315196 1 24 38 1 4 6000000
0.3152 1 25 39 1 4 6000000
0.315204 1 26 40 1 4 6000000
0.315208 1 27 41 1 4 6000000
0.345112 1 2 2 1 3 6004000
0.34512 1 3 3 1 3 6008000
0.345128 1 4 4 1 3 6012000
0.345136 1 5 6 1 3 6016000
0.345144 1 6 7 1 3 6020000
0.345152 1 7 8 1 3 6024000
0.34516 1 8 11 1 3 6028000
0.345168 1 9 12 1 3 6032000
0.345176 1 10 13 1 3 6036000
0.345184 1 11 14 1 3 6040000
0.345192 1 12 17 1 3 6044000
0.3452 1 13 20 1 3 6048000
0.345208 1 14 22 1 3 6052000
0.345216 1 15 23 1 3 6056000
0.345224 1 16 24 1 3 6060000
0.345232 1 17 26 1 3 6064000
0.34524 1 18 27 1 3 6068000
0.345248 1 19 31 1 3 6072000
0.345256 1 20 32 1 3 6076000
0.345264 1 21 33 1 3 6080000
0.345272 1 22 35 1 3 6084000
0.34528 1 23 36 1 3 6088000
0.345288 1 24 38 1 3 6092000
0.345296 1 25 39 1 3 6096000
0.345304 1 26 40 1 3 6100000
0.345312 1 27 41 1 3 6104000
0.355116 2 2 9 1 3 5004000
0.356116 2 1 5 1 3 5008000
0.356132 2 3 10 1 3 5016000
0.357136 2 4 15 1 3 5016000
0.358152 2 5 16 1 3 5024000
0.359156 2 6 18 1 3 5024000
0.359164 2 7 19 1 3 5028000
0.359172 2 8 21 1 3 5032000
0.35918 2 9 25 1 3 5036000
0.359188 2 10 28 1 3 5040000
0.359196 2 11 29 1 3 5044000
0.359208 2 13 34 1 3 5048000
0.360132 2 14 37 1 3 4968000
0.360204 2 12 30 1 3 5048000
