0.013108 1 1 1 1 8 3104000
0.014108 1 1 1 1 8 0
0.017112 1 1 1 1 8 0
0.018108 1 1 1 1 8 0
0.043112 1 1 1 1 2 3108000
0.043112 1 1 1 1 7 3108000
0.044112 1 1 1 1 2 3108000
0.044112 1 1 1 1 2 3108000
0.044112 1 1 1 1 7 0
0.044112 1 1 1 1 7 0
0.045112 1 1 1 1 2 3108000
0.045112 1 1 1 1 2 3108000
0.045112 1 1 1 1 7 0
0.045112 1 1 1 1 7 0
0.046112 1 1 1 1 2 3108000
0.046112 1 1 1 1 2 3108000
0.046112 1 1 1 1 7 0
0.046112 1 1 1 1 7 0
0.048112 1 1 1 1 2 4108000
0.048112 1 1 1 1 2 4108000
0.048112 1 1 1 1 7 0
0.048112 1 1 1 1 7 0
0.049108 1 1 1 1 2 4104000
0.049108 1 1 1 1 2 4104000
0.049108 1 1 1 1 7 0
0.049108 1 1 1 1 7 0
0.050112 1 1 1 1 2 4108000
0.050112 1 1 1 1 2 4108000
0.050112 1 1 1 1 7 0
0.050112 1 1 1 1 7 0
0.051108 1 1 1 1 2 4104000
0.051108 1 1 1 1 2 4104000
0.051108 1 1 1 1 7 0
0.051108 1 1 1 1 7 0
0.052108 1 1 1 1 7 0
0.052108 1 1 1 1 7 0
0.310184 1 1 1 3 932 4180000
0.313108 2 1 5 1 8 3104000
0.313112 2 2 9 1 8 3108000
0.313116 2 3 10 1 8 3112000
0.31312 2 4 15 1 8 3116000
0.313124 2 5 16 1 8 3120000
0.313128 2 6 18 1 8 3124000
0.313132 2 7 19 1 8 3128000
0.313136 2 8 21 1 8 3132000
0.31314 2 9 25 1 8 3136000
0.313144 2 10 28 1 8 3140000
0.313148 2 11 29 1 8 3144000
0.313152 2 12 30 1 8 3148000
0.313156 2 13 34 1 8 3152000
0.31316 2 14 37 1 8 3156000
0.314108 2 1 5 1 8 0
0.314112 2 2 9 1 8 0
0.314116 2 3 10 1 8 0
0.31412 2 4 15 1 8 0
0.314124 2 5 16 1 8 0
0.314128 2 6 18 1 8 0
0.314132 2 7 19 1 8 0
0.314136 2 8 21 1 8 0
0.31414 2 9 25 1 8 0
0.314144 2 10 28 1 8 0
0.314148 2 11 29 1 8 0
0.314152 2 12 30 1 8 0
0.314156 2 13 34 1 8 0
0.31416 2 14 37 1 8 0
0.315108 1 2 2 1 8 4104000
0.315112 1 3 3 1 8 4108000
0.315116 1 4 4 1 8 4112000
0.31512 1 5 6 1 8 4116000
0.315124 1 6 7 1 8 4120000
0.315128 1 7 8 1 8 4124000
0.315132 1 8 11 1 8 4128000
0.315136 1 9 12 1 8 4132000
0.31514 1 10 13 1 8 4136000
0.315144 1 11 14 1 8 4140000
0.315148 1 12 17 1 8 4144000
0.315152 1 13 20 1 8 4148000
0.315156 1 14 22 1 8 4152000
0.31516 1 15 23 1 8 4156000
0.315164 1 16 24 1 8 4160000
0.315168 1 17 26 1 8 4164000
0.315172 1 18 27 1 8 4168000
0.315176 1 19 31 1 8 4172000
0.31518 1 20 32 1 8 4176000
0.315184 1 21 33 1 8 4180000
0.315188 1 22 35 1 8 4184000
0.315192 1 23 36 1 8 4188000
0.315196 1 24 38 1 8 4192000
0.3152 1 25 39 1 8 4196000
0.315204 1 26 40 1 8 4200000
0.315208 1 27 41 1 8 4204000
0.316108 1 2 2 1 8 0
0.316112 1 3 3 1 8 0
0.316116 1 4 4 1 8 0
0.31612 1 5 6 1 8 0
0.316124 1 6 7 1 8 0
0.316128 1 7 8 1 8 0
0.316132 1 8 11 1 8 0
0.316136 1 9 12 1 8 0
0.31614 1 10 13 1 8 0
0.316144 1 11 14 1 8 0
0.316148 1 12 17 1 8 0
0.316152 1 13 20 1 8 0
0.316156 1 14 22 1 8 0
0.31616 1 15 23 1 8 0
0.316164 1 16 24 1 8 0
0.316168 1 17 26 1 8 0
0.316172 1 18 27 1 8 0
0.316176 1 19 31 1 8 0
0.31618 1 20 32 1 8 0
0.316184 1 21 33 1 8 0
0.316188 1 22 35 1 8 0
0.316192 1 23 36 1 8 0
0.316196 1 24 38 1 8 0
0.3162 1 25 39 1 8 0
0.316204 1 26 40 1 8 0
0.316208 1 27 41 1 8 0
0.317112 2 1 5 1 8 0
0.31712 2 2 9 1 8 0
0.317128 2 3 10 1 8 0
0.317136 2 4 15 1 8 0
0.317144 2 5 16 1 8 0
0.317152 2 6 18 1 8 0
0.31716 2 7 19 1 8 0
0.317168 2 8 21 1 8 0
0.317176 2 9 25 1 8 0
0.317184 2 10 28 1 8 0
0.317192 2 11 29 1 8 0
0.3172 2 12 30 1 8 0
0.317208 2 13 34 1 8 0
0.317216 2 14 37 1 8 0
0.318108 2 1 5 1 8 0
0.318112 2 2 9 1 8 0
0.318116 2 3 10 1 8 0
0.31812 2 4 15 1 8 0
0.318124 2 5 16 1 8 0
0.318128 2 6 18 1 8 0
0.318132 2 7 19 1 8 0
0.318136 2 8 21 1 8 0
0.31814 2 9 25 1 8 0
0.318144 2 10 28 1 8 0
0.318148 2 11 29 1 8 0
0.318152 2 12 30 1 8 0
0.318156 2 13 34 1 8 0
0.31816 2 14 37 1 8 0
0.319108 1 2 2 1 8 0
0.319112 1 3 3 1 8 0
0.319116 1 4 4 1 8 0
0.31912 1 5 6 1 8 0
0.319124 1 6 7 1 8 0
0.319128 1 7 8 1 8 0
0.319132 1 8 11 1 8 0
0.319136 1 9 12 1 8 0
0.31914 1 10 13 1 8 0
0.319144 1 11 14 1 8 0
0.319148 1 12 17 1 8 0
0.319152 1 13 20 1 8 0
0.319156 1 14 22 1 8 0
0.31916 1 15 23 1 8 0
0.319164 1 16 24 1 8 0
0.319168 1 17 26 1 8 0
0.319172 1 18 27 1 8 0
0.319176 1 19 31 1 8 0
0.31918 1 20 32 1 8 0
0.319184 1 21 33 1 8 0
0.319188 1 22 35 1 8 0
0.319192 1 23 36 1 8 0
0.319196 1 24 38 1 8 0
0.3192 1 25 39 1 8 0
0.319204 1 26 40 1 8 0
0.319208 1 27 41 1 8 0
0.320112 1 2 2 1 8 0
0.32012 1 3 3 1 8 0
0.320128 1 4 4 1 8 0
0.320136 1 5 6 1 8 0
0.320144 1 6 7 1 8 0
0.320152 1 7 8 1 8 0
0.32016 1 8 11 1 8 0
0.320168 1 9 12 1 8 0
0.320176 1 10 13 1 8 0
0.320184 1 11 14 1 8 0
0.320192 1 12 17 1 8 0
0.3202 1 13 20 1 8 0
0.320208 1 14 22 1 8 0
0.320216 1 15 23 1 8 0
0.320224 1 16 24 1 8 0
0.320232 1 17 26 1 8 0
0.32024 1 18 27 1 8 0
0.320248 1 19 31 1 8 0
0.320256 1 20 32 1 8 0
0.320264 1 21 33 1 8 0
0.320272 1 22 35 1 8 0
0.32028 1 23 36 1 8 0
0.320288 1 24 38 1 8 0
0.320296 1 25 39 1 8 0
0.320304 1 26 40 1 8 0
0.320312 1 27 41 1 8 0
0.323108 1 2 2 1 8 0
0.323112 1 3 3 1 8 0
0.323116 1 4 4 1 8 0
0.32312 1 5 6 1 8 0
0.323124 1 6 7 1 8 0
0.323128 1 7 8 1 8 0
0.323132 1 8 11 1 8 0
0.323136 1 9 12 1 8 0
0.32314 1 10 13 1 8 0
0.323144 1 11 14 1 8 0
0.323148 1 12 17 1 8 0
0.323152 1 13 20 1 8 0
0.323156 1 14 22 1 8 0
0.32316 1 15 23 1 8 0
0.323164 1 16 24 1 8 0
0.323168 1 17 26 1 8 0
0.323172 1 18 27 1 8 0
0.323176 1 19 31 1 8 0
0.32318 1 20 32 1 8 0
0.323184 1 21 33 1 8 0
0.323188 1 22 35 1 8 0
0.323192 1 23 36 1 8 0
0.323196 1 24 38 1 8 0
0.3232 1 25 39 1 8 0
0.323204 1 26 40 1 8 0
0.323208 1 27 41 1 8 0
0.324112 1 2 2 1 8 0
0.32412 1 3 3 1 8 0
0.324128 1 4 4 1 8 0
0.324136 1 5 6 1 8 0
0.324144 1 6 7 1 8 0
0.324152 1 7 8 1 8 0
0.32416 1 8 11 1 8 0
0.324168 1 9 12 1 8 0
0.324176 1 10 13 1 8 0
0.324184 1 11 14 1 8 0
0.324192 1 12 17 1 8 0
0.3242 1 13 20 1 8 0
0.324208 1 14 22 1 8 0
0.324216 1 15 23 1 8 0
0.324224 1 16 24 1 8 0
0.324232 1 17 26 1 8 0
0.32424 1 18 27 1 8 0
0.324248 1 19 31 1 8 0
0.324256 1 20 32 1 8 0
0.324264 1 21 33 1 8 0
0.324272 1 22 35 1 8 0
0.32428 1 23 36 1 8 0
0.324288 1 24 38 1 8 0
0.324296 1 25 39 1 8 0
0.324304 1 26 40 1 8 0
0.324312 1 27 41 1 8 0
0.345112 1 2 2 1 2 4108000
0.345112 1 2 2 1 7 4108000
0.34512 1 3 3 1 2 4116000
0.34512 1 3 3 1 7 4116000
0.345128 1 4 4 1 2 4124000
0.345128 1 4 4 1 7 4124000
0.345136 1 5 6 1 2 4132000
0.345136 1 5 6 1 7 4132000
0.345144 1 6 7 1 2 4140000
0.345144 1 6 7 1 7 4140000
0.345152 1 7 8 1 2 4148000
0.345152 1 7 8 1 7 4148000
0.34516 1 8 11 1 2 4156000
0.34516 1 8 11 1 7 4156000
0.345168 1 9 12 1 2 4164000
0.345168 1 9 12 1 7 4164000
0.345176 1 10 13 1 2 4172000
0.345176 1 10 13 1 7 4172000
0.345184 1 11 14 1 2 4180000
0.345184 1 11 14 1 7 4180000
0.345192 1 12 17 1 2 4188000
0.345192 1 12 17 1 7 4188000
0.3452 1 13 20 1 2 4196000
0.3452 1 13 20 1 7 4196000
0.345208 1 14 22 1 2 4204000
0.345208 1 14 22 1 7 4204000
0.345216 1 15 23 1 2 4212000
0.345216 1 15 23 1 7 4212000
0.345224 1 16 24 1 2 4220000
0.345224 1 16 24 1 7 4220000
0.345232 1 17 26 1 2 4228000
0.345232 1 17 26 1 7 4228000
0.34524 1 18 27 1 2 4236000
0.34524 1 18 27 1 7 4236000
0.345248 1 19 31 1 2 4244000
0.345248 1 19 31 1 7 4244000
0.345256 1 20 32 1 2 4252000
0.345256 1 20 32 1 7 4252000
0.345264 1 21 33 1 2 4260000
0.345264 1 21 33 1 7 4260000
0.345272 1 22 35 1 2 4268000
0.345272 1 22 35 1 7 4268000
0.34528 1 23 36 1 2 4276000
0.34528 1 23 36 1 7 4276000
0.345288 1 24 38 1 2 4284000
0.345288 1 24 38 1 7 4284000
0.345296 1 25 39 1 2 4292000
0.345296 1 25 39 1 7 4292000
0.345304 1 26 40 1 2 4300000
0.345304 1 26 40 1 7 4300000
0.345312 1 27 41 1 2 4308000
0.345312 1 27 41 1 7 4308000
0.346112 1 2 2 1 2 4108000
0.346112 1 2 2 1 2 4108000
0.346112 1 2 2 1 7 0
0.346112 1 2 2 1 7 0
0.34612 1 3 3 1 2 4116000
0.34612 1 3 3 1 2 4116000
0.34612 1 3 3 1 7 0
0.34612 1 3 3 1 7 0
0.346128 1 4 4 1 2 4124000
0.346128 1 4 4 1 2 4124000
0.346128 1 4 4 1 7 0
0.346128 1 4 4 1 7 0
0.346136 1 5 6 1 2 4132000
0.346136 1 5 6 1 2 4132000
0.346136 1 5 6 1 7 0
0.346136 1 5 6 1 7 0
0.346144 1 6 7 1 2 4140000
0.346144 1 6 7 1 2 4140000
0.346144 1 6 7 1 7 0
0.346144 1 6 7 1 7 0
0.346152 1 7 8 1 2 4148000
0.346152 1 7 8 1 2 4148000
0.346152 1 7 8 1 7 0
0.346152 1 7 8 1 7 0
0.34616 1 8 11 1 2 4156000
0.34616 1 8 11 1 2 4156000
0.34616 1 8 11 1 7 0
0.34616 1 8 11 1 7 0
0.346168 1 9 12 1 2 4164000
0.346168 1 9 12 1 2 4164000
0.346168 1 9 12 1 7 0
0.346168 1 9 12 1 7 0
0.346176 1 10 13 1 2 4172000
0.346176 1 10 13 1 2 4172000
0.346176 1 10 13 1 7 0
0.346176 1 10 13 1 7 0
0.346184 1 11 14 1 2 4180000
0.346184 1 11 14 1 2 4180000
0.346184 1 11 14 1 7 0
0.346184 1 11 14 1 7 0
0.346192 1 12 17 1 2 4188000
0.346192 1 12 17 1 2 4188000
0.346192 1 12 17 1 7 0
0.346192 1 12 17 1 7 0
0.3462 1 13 20 1 2 4196000
0.3462 1 13 20 1 2 4196000
0.3462 1 13 20 1 7 0
0.3462 1 13 20 1 7 0
0.346208 1 14 22 1 2 4204000
0.346208 1 14 22 1 2 4204000
0.346208 1 14 22 1 7 0
0.346208 1 14 22 1 7 0
0.346216 1 15 23 1 2 4212000
0.346216 1 15 23 1 2 4212000
0.346216 1 15 23 1 7 0
0.346216 1 15 23 1 7 0
0.346224 1 16 24 1 2 4220000
0.346224 1 16 24 1 2 4220000
0.346224 1 16 24 1 7 0
0.346224 1 16 24 1 7 0
0.346232 1 17 26 1 2 4228000
0.346232 1 17 26 1 2 4228000
0.346232 1 17 26 1 7 0
0.346232 1 17 26 1 7 0
0.346248 1 19 31 1 2 4244000
0.346248 1 19 31 1 2 4244000
0.346248 1 19 31 1 7 0
0.346248 1 19 31 1 7 0
0.346256 1 20 32 1 2 4252000
0.346256 1 20 32 1 2 4252000
0.346256 1 20 32 1 7 0
0.346256 1 20 32 1 7 0
0.346264 1 21 33 1 2 4260000
0.346264 1 21 33 1 2 4260000
0.346264 1 21 33 1 7 0
0.346264 1 21 33 1 7 0
0.346272 1 22 35 1 2 4268000
0.346272 1 22 35 1 2 4268000
0.346272 1 22 35 1 7 0
0.346272 1 22 35 1 7 0
0.34628 1 23 36 1 2 4276000
0.34628 1 23 36 1 2 4276000
0.34628 1 23 36 1 7 0
0.34628 1 23 36 1 7 0
0.346288 1 24 38 1 2 4284000
0.346288 1 24 38 1 2 4284000
0.346288 1 24 38 1 7 0
0.346288 1 24 38 1 7 0
0.346296 1 25 39 1 2 4292000
0.346296 1 25 39 1 2 4292000
0.346296 1 25 39 1 7 0
0.346296 1 25 39 1 7 0
0.346304 1 26 40 1 2 4300000
0.346304 1 26 40 1 2 4300000
0.346304 1 26 40 1 7 0
0.346304 1 26 40 1 7 0
0.346312 1 27 41 1 2 4308000
0.346312 1 27 41 1 2 4308000
0.346312 1 27 41 1 7 0
0.346312 1 27 41 1 7 0
0.347116 1 2 2 1 2 4112000
0.347116 1 2 2 1 2 4112000
0.347116 1 2 2 1 7 0
0.347116 1 2 2 1 7 0
0.347124 1 3 3 1 2 4120000
0.347124 1 3 3 1 2 4120000
0.347124 1 3 3 1 7 0
0.347124 1 3 3 1 7 0
0.347132 1 4 4 1 2 4128000
0.347132 1 4 4 1 2 4128000
0.347132 1 4 4 1 7 0
0.347132 1 4 4 1 7 0
0.34714 1 5 6 1 2 4136000
0.34714 1 5 6 1 2 4136000
0.34714 1 5 6 1 7 0
0.34714 1 5 6 1 7 0
0.347148 1 6 7 1 2 4144000
0.347148 1 6 7 1 2 4144000
0.347148 1 6 7 1 7 0
0.347148 1 6 7 1 7 0
0.347156 1 7 8 1 2 4152000
0.347156 1 7 8 1 2 4152000
0.347156 1 7 8 1 7 0
0.347156 1 7 8 1 7 0
0.347164 1 8 11 1 2 4160000
0.347164 1 8 11 1 2 4160000
0.347164 1 8 11 1 7 0
0.347164 1 8 11 1 7 0
0.347172 1 9 12 1 2 4168000
0.347172 1 9 12 1 2 4168000
0.347172 1 9 12 1 7 0
0.347172 1 9 12 1 7 0
0.34718 1 10 13 1 2 4176000
0.34718 1 10 13 1 2 4176000
0.34718 1 10 13 1 7 0
0.34718 1 10 13 1 7 0
0.347188 1 11 14 1 2 4184000
0.347188 1 11 14 1 2 4184000
0.347188 1 11 14 1 7 0
0.347188 1 11 14 1 7 0
0.347196 1 12 17 1 2 4192000
0.347196 1 12 17 1 2 4192000
0.347196 1 12 17 1 7 0
0.347196 1 12 17 1 7 0
0.347204 1 13 20 1 2 4200000
0.347204 1 13 20 1 2 4200000
0.347204 1 13 20 1 7 0
0.347204 1 13 20 1 7 0
0.347212 1 14 22 1 2 4208000
0.347212 1 14 22 1 2 4208000
0.347212 1 14 22 1 7 0
0.347212 1 14 22 1 7 0
0.34722 1 15 23 1 2 4216000
0.34722 1 15 23 1 2 4216000
0.34722 1 15 23 1 7 0
0.34722 1 15 23 1 7 0
0.347228 1 16 24 1 2 4224000
0.347228 1 16 24 1 2 4224000
0.347228 1 16 24 1 7 0
0.347228 1 16 24 1 7 0
0.347236 1 17 26 1 2 4232000
0.347236 1 17 26 1 2 4232000
0.347236 1 17 26 1 7 0
0.347236 1 17 26 1 7 0
0.347252 1 19 31 1 2 4248000
0.347252 1 19 31 1 2 4248000
0.347252 1 19 31 1 7 0
0.347252 1 19 31 1 7 0
0.34726 1 20 32 1 2 4256000
0.34726 1 20 32 1 2 4256000
0.34726 1 20 32 1 7 0
0.34726 1 20 32 1 7 0
0.347268 1 21 33 1 2 4264000
0.347268 1 21 33 1 2 4264000
0.347268 1 21 33 1 7 0
0.347268 1 21 33 1 7 0
0.347276 1 22 35 1 2 4272000
0.347276 1 22 35 1 2 4272000
0.347276 1 22 35 1 7 0
0.347276 1 22 35 1 7 0
0.347284 1 23 36 1 2 4280000
0.347284 1 23 36 1 2 4280000
0.347284 1 23 36 1 7 0
0.347284 1 23 36 1 7 0
0.347292 1 24 38 1 2 4288000
0.347292 1 24 38 1 2 4288000
0.347292 1 24 38 1 7 0
0.347292 1 24 38 1 7 0
0.3473 1 25 39 1 2 4296000
0.3473 1 25 39 1 2 4296000
0.3473 1 25 39 1 7 0
0.3473 1 25 39 1 7 0
0.347308 1 26 40 1 2 4304000
0.347308 1 26 40 1 2 4304000
0.347308 1 26 40 1 7 0
0.347308 1 26 40 1 7 0
0.347316 1 27 41 1 2 4312000
0.347316 1 27 41 1 2 4312000
0.347316 1 27 41 1 7 0
0.347316 1 27 41 1 7 0
0.348112 1 2 2 1 2 4108000
0.348112 1 2 2 1 2 4108000
0.348112 1 2 2 1 7 0
0.348112 1 2 2 1 7 0
0.34812 1 3 3 1 2 4116000
0.34812 1 3 3 1 2 4116000
0.34812 1 3 3 1 7 0
0.34812 1 3 3 1 7 0
0.348128 1 4 4 1 2 4124000
0.348128 1 4 4 1 2 4124000
0.348128 1 4 4 1 7 0
0.348128 1 4 4 1 7 0
0.348136 1 5 6 1 2 4132000
0.348136 1 5 6 1 2 4132000
0.348136 1 5 6 1 7 0
0.348136 1 5 6 1 7 0
0.348144 1 6 7 1 2 4140000
0.348144 1 6 7 1 2 4140000
0.348144 1 6 7 1 7 0
0.348144 1 6 7 1 7 0
0.348152 1 7 8 1 2 4148000
0.348152 1 7 8 1 2 4148000
0.348152 1 7 8 1 7 0
0.348152 1 7 8 1 7 0
0.34816 1 8 11 1 2 4156000
0.34816 1 8 11 1 2 4156000
0.34816 1 8 11 1 7 0
0.34816 1 8 11 1 7 0
0.348168 1 9 12 1 2 4164000
0.348168 1 9 12 1 2 4164000
0.348168 1 9 12 1 7 0
0.348168 1 9 12 1 7 0
0.348176 1 10 13 1 2 4172000
0.348176 1 10 13 1 2 4172000
0.348176 1 10 13 1 7 0
0.348176 1 10 13 1 7 0
0.348184 1 11 14 1 2 4180000
0.348184 1 11 14 1 2 4180000
0.348184 1 11 14 1 7 0
0.348184 1 11 14 1 7 0
0.348192 1 12 17 1 2 4188000
0.348192 1 12 17 1 2 4188000
0.348192 1 12 17 1 7 0
0.348192 1 12 17 1 7 0
0.3482 1 13 20 1 2 4196000
0.3482 1 13 20 1 2 4196000
0.3482 1 13 20 1 7 0
0.3482 1 13 20 1 7 0
0.348208 1 14 22 1 2 4204000
0.348208 1 14 22 1 2 4204000
0.348208 1 14 22 1 7 0
0.348208 1 14 22 1 7 0
0.348216 1 15 23 1 2 4212000
0.348216 1 15 23 1 2 4212000
0.348216 1 15 23 1 7 0
0.348216 1 15 23 1 7 0
0.348224 1 16 24 1 2 4220000
0.348224 1 16 24 1 2 4220000
0.348224 1 16 24 1 7 0
0.348224 1 16 24 1 7 0
0.348232 1 17 26 1 2 4228000
0.348232 1 17 26 1 2 4228000
0.348232 1 17 26 1 7 0
0.348232 1 17 26 1 7 0
0.348244 1 19 31 1 2 4240000
0.348244 1 19 31 1 2 4240000
0.348244 1 19 31 1 7 0
0.348244 1 19 31 1 7 0
0.348252 1 20 32 1 2 4248000
0.348252 1 20 32 1 2 4248000
0.348252 1 20 32 1 7 0
0.348252 1 20 32 1 7 0
0.34826 1 21 33 1 2 4256000
0.34826 1 21 33 1 2 4256000
0.34826 1 21 33 1 7 0
0.34826 1 21 33 1 7 0
0.348268 1 22 35 1 2 4264000
0.348268 1 22 35 1 2 4264000
0.348268 1 22 35 1 7 0
0.348268 1 22 35 1 7 0
0.348276 1 23 36 1 2 4272000
0.348276 1 23 36 1 2 4272000
0.348276 1 23 36 1 7 0
0.348276 1 23 36 1 7 0
0.348284 1 24 38 1 2 4280000
0.348284 1 24 38 1 2 4280000
0.348284 1 24 38 1 7 0
0.348284 1 24 38 1 7 0
0.348292 1 25 39 1 2 4288000
0.348292 1 25 39 1 2 4288000
0.348292 1 25 39 1 7 0
0.348292 1 25 39 1 7 0
0.3483 1 26 40 1 2 4296000
0.3483 1 26 40 1 2 4296000
0.3483 1 26 40 1 7 0
0.3483 1 26 40 1 7 0
0.348308 1 27 41 1 2 4304000
0.348308 1 27 41 1 2 4304000
0.348308 1 27 41 1 7 0
0.348308 1 27 41 1 7 0
0.349112 1 2 2 1 2 4108000
0.349112 1 2 2 1 2 4108000
0.349112 1 2 2 1 7 0
0.349112 1 2 2 1 7 0
0.34912 1 3 3 1 2 4116000
0.34912 1 3 3 1 2 4116000
0.34912 1 3 3 1 7 0
0.34912 1 3 3 1 7 0
0.349128 1 4 4 1 2 4124000
0.349128 1 4 4 1 2 4124000
0.349128 1 4 4 1 7 0
0.349128 1 4 4 1 7 0
0.349136 1 5 6 1 2 4132000
0.349136 1 5 6 1 2 4132000
0.349136 1 5 6 1 7 0
0.349136 1 5 6 1 7 0
0.349144 1 6 7 1 2 4140000
0.349144 1 6 7 1 2 4140000
0.349144 1 6 7 1 7 0
0.349144 1 6 7 1 7 0
0.349152 1 7 8 1 2 4148000
0.349152 1 7 8 1 2 4148000
0.349152 1 7 8 1 7 0
0.349152 1 7 8 1 7 0
0.34916 1 8 11 1 2 4156000
0.34916 1 8 11 1 2 4156000
0.34916 1 8 11 1 7 0
0.34916 1 8 11 1 7 0
0.349168 1 9 12 1 2 4164000
0.349168 1 9 12 1 2 4164000
0.349168 1 9 12 1 7 0
0.349168 1 9 12 1 7 0
0.349176 1 10 13 1 2 4172000
0.349176 1 10 13 1 2 4172000
0.349176 1 10 13 1 7 0
0.349176 1 10 13 1 7 0
0.349184 1 11 14 1 2 4180000
0.349184 1 11 14 1 2 4180000
0.349184 1 11 14 1 7 0
0.349184 1 11 14 1 7 0
0.349192 1 12 17 1 2 4188000
0.349192 1 12 17 1 2 4188000
0.349192 1 12 17 1 7 0
0.349192 1 12 17 1 7 0
0.3492 1 13 20 1 2 4196000
0.3492 1 13 20 1 2 4196000
0.3492 1 13 20 1 7 0
0.3492 1 13 20 1 7 0
0.349208 1 14 22 1 2 4204000
0.349208 1 14 22 1 2 4204000
0.349208 1 14 22 1 7 0
0.349208 1 14 22 1 7 0
0.349216 1 15 23 1 2 4212000
0.349216 1 15 23 1 2 4212000
0.349216 1 15 23 1 7 0
0.349216 1 15 23 1 7 0
0.349224 1 16 24 1 2 4220000
0.349224 1 16 24 1 2 4220000
0.349224 1 16 24 1 7 0
0.349224 1 16 24 1 7 0
0.349232 1 17 26 1 2 4228000
0.349232 1 17 26 1 2 4228000
0.349232 1 17 26 1 7 0
0.349232 1 17 26 1 7 0
0.34924 1 18 27 1 2 4236000
0.34924 1 18 27 1 2 4236000
0.34924 1 18 27 1 7 0
0.34924 1 18 27 1 7 0
0.349248 1 19 31 1 2 4244000
0.349248 1 19 31 1 2 4244000
0.349248 1 19 31 1 7 0
0.349248 1 19 31 1 7 0
0.349256 1 20 32 1 2 4252000
0.349256 1 20 32 1 2 4252000
0.349256 1 20 32 1 7 0
0.349256 1 20 32 1 7 0
0.349264 1 21 33 1 2 4260000
0.349264 1 21 33 1 2 4260000
0.349264 1 21 33 1 7 0
0.349264 1 21 33 1 7 0
0.349272 1 22 35 1 2 4268000
0.349272 1 22 35 1 2 4268000
0.349272 1 22 35 1 7 0
0.349272 1 22 35 1 7 0
0.34928 1 23 36 1 2 4276000
0.34928 1 23 36 1 2 4276000
0.34928 1 23 36 1 7 0
0.34928 1 23 36 1 7 0
0.349288 1 24 38 1 2 4284000
0.349288 1 24 38 1 2 4284000
0.349288 1 24 38 1 7 0
0.349288 1 24 38 1 7 0
0.349296 1 25 39 1 2 4292000
0.349296 1 25 39 1 2 4292000
0.349296 1 25 39 1 7 0
0.349296 1 25 39 1 7 0
0.349304 1 26 40 1 2 4300000
0.349304 1 26 40 1 2 4300000
0.349304 1 26 40 1 7 0
0.349304 1 26 40 1 7 0
0.349312 1 27 41 1 2 4308000
0.349312 1 27 41 1 2 4308000
0.349312 1 27 41 1 7 0
0.349312 1 27 41 1 7 0
0.350112 1 2 2 1 2 4108000
0.350112 1 2 2 1 2 4108000
0.350112 1 2 2 1 7 0
0.350112 1 2 2 1 7 0
0.35012 1 3 3 1 2 4116000
0.35012 1 3 3 1 2 4116000
0.35012 1 3 3 1 7 0
0.35012 1 3 3 1 7 0
0.350128 1 4 4 1 2 4124000
0.350128 1 4 4 1 2 4124000
0.350128 1 4 4 1 7 0
0.350128 1 4 4 1 7 0
0.350136 1 5 6 1 2 4132000
0.350136 1 5 6 1 2 4132000
0.350136 1 5 6 1 7 0
0.350136 1 5 6 1 7 0
0.350144 1 6 7 1 2 4140000
0.350144 1 6 7 1 2 4140000
0.350144 1 6 7 1 7 0
0.350144 1 6 7 1 7 0
0.350152 1 7 8 1 2 4148000
0.350152 1 7 8 1 2 4148000
0.350152 1 7 8 1 7 0
0.350152 1 7 8 1 7 0
0.35016 1 8 11 1 2 4156000
0.35016 1 8 11 1 2 4156000
0.35016 1 8 11 1 7 0
0.35016 1 8 11 1 7 0
0.350168 1 9 12 1 2 4164000
0.350168 1 9 12 1 2 4164000
0.350168 1 9 12 1 7 0
0.350168 1 9 12 1 7 0
0.350176 1 10 13 1 2 4172000
0.350176 1 10 13 1 2 4172000
0.350176 1 10 13 1 7 0
0.350176 1 10 13 1 7 0
0.350184 1 11 14 1 2 4180000
0.350184 1 11 14 1 2 4180000
0.350184 1 11 14 1 7 0
0.350184 1 11 14 1 7 0
0.350192 1 12 17 1 2 4188000
0.350192 1 12 17 1 2 4188000
0.350192 1 12 17 1 7 0
0.350192 1 12 17 1 7 0
0.3502 1 13 20 1 2 4196000
0.3502 1 13 20 1 2 4196000
0.3502 1 13 20 1 7 0
0.3502 1 13 20 1 7 0
0.350208 1 14 22 1 2 4204000
0.350208 1 14 22 1 2 4204000
0.350208 1 14 22 1 7 0
0.350208 1 14 22 1 7 0
0.350216 1 15 23 1 2 4212000
0.350216 1 15 23 1 2 4212000
0.350216 1 15 23 1 7 0
0.350216 1 15 23 1 7 0
0.350224 1 16 24 1 2 4220000
0.350224 1 16 24 1 2 4220000
0.350224 1 16 24 1 7 0
0.350224 1 16 24 1 7 0
0.350232 1 17 26 1 2 4228000
0.350232 1 17 26 1 2 4228000
0.350232 1 17 26 1 7 0
0.350232 1 17 26 1 7 0
0.35024 1 18 27 1 2 4236000
0.35024 1 18 27 1 2 4236000
0.35024 1 18 27 1 7 0
0.35024 1 18 27 1 7 0
0.350248 1 19 31 1 2 4244000
0.350248 1 19 31 1 2 4244000
0.350248 1 19 31 1 7 0
0.350248 1 19 31 1 7 0
0.350256 1 20 32 1 2 4252000
0.350256 1 20 32 1 2 4252000
0.350256 1 20 32 1 7 0
0.350256 1 20 32 1 7 0
0.350264 1 21 33 1 2 4260000
0.350264 1 21 33 1 2 4260000
0.350264 1 21 33 1 7 0
0.350264 1 21 33 1 7 0
0.350272 1 22 35 1 2 4268000
0.350272 1 22 35 1 2 4268000
0.350272 1 22 35 1 7 0
0.350272 1 22 35 1 7 0
0.35028 1 23 36 1 2 4276000
0.35028 1 23 36 1 2 4276000
0.35028 1 23 36 1 7 0
0.35028 1 23 36 1 7 0
0.350288 1 24 38 1 2 4284000
0.350288 1 24 38 1 2 4284000
0.350288 1 24 38 1 7 0
0.350288 1 24 38 1 7 0
0.350296 1 25 39 1 2 4292000
0.350296 1 25 39 1 2 4292000
0.350296 1 25 39 1 7 0
0.350296 1 25 39 1 7 0
0.351108 1 18 27 1 2 9104000
0.351108 1 18 27 1 2 9104000
0.351108 1 18 27 1 7 0
0.351108 1 18 27 1 7 0
0.351112 1 2 2 1 2 4108000
0.351112 1 2 2 1 2 4108000
0.351112 1 2 2 1 7 0
0.351112 1 2 2 1 7 0
0.351116 1 3 3 1 2 4112000
0.351116 1 3 3 1 2 4112000
0.351116 1 3 3 1 7 0
0.351116 1 3 3 1 7 0
0.35112 1 4 4 1 2 4116000
0.35112 1 4 4 1 2 4116000
0.35112 1 4 4 1 7 0
0.35112 1 4 4 1 7 0
0.351124 1 5 6 1 2 4120000
0.351124 1 5 6 1 2 4120000
0.351124 1 5 6 1 7 0
0.351124 1 5 6 1 7 0
0.351128 1 6 7 1 2 4124000
0.351128 1 6 7 1 2 4124000
0.351128 1 6 7 1 7 0
0.351128 1 6 7 1 7 0
0.351132 1 7 8 1 2 4128000
0.351132 1 7 8 1 2 4128000
0.351132 1 7 8 1 7 0
0.351132 1 7 8 1 7 0
0.351136 1 8 11 1 2 4132000
0.351136 1 8 11 1 2 4132000
0.351136 1 8 11 1 7 0
0.351136 1 8 11 1 7 0
0.35114 1 9 12 1 2 4136000
0.35114 1 9 12 1 2 4136000
0.35114 1 9 12 1 7 0
0.35114 1 9 12 1 7 0
0.351144 1 10 13 1 2 4140000
0.351144 1 10 13 1 2 4140000
0.351144 1 10 13 1 7 0
0.351144 1 10 13 1 7 0
0.351148 1 11 14 1 2 4144000
0.351148 1 11 14 1 2 4144000
0.351148 1 11 14 1 7 0
0.351148 1 11 14 1 7 0
0.351152 1 12 17 1 2 4148000
0.351152 1 12 17 1 2 4148000
0.351152 1 12 17 1 7 0
0.351152 1 12 17 1 7 0
0.351156 1 13 20 1 2 4152000
0.351156 1 13 20 1 2 4152000
0.351156 1 13 20 1 7 0
0.351156 1 13 20 1 7 0
0.35116 1 14 22 1 2 4156000
0.35116 1 14 22 1 2 4156000
0.35116 1 14 22 1 7 0
0.35116 1 14 22 1 7 0
0.351164 1 15 23 1 2 4160000
0.351164 1 15 23 1 2 4160000
0.351164 1 15 23 1 7 0
0.351164 1 15 23 1 7 0
0.351168 1 16 24 1 2 4164000
0.351168 1 16 24 1 2 4164000
0.351168 1 16 24 1 7 0
0.351168 1 16 24 1 7 0
0.351172 1 17 26 1 2 4168000
0.351172 1 17 26 1 2 4168000
0.351172 1 17 26 1 7 0
0.351172 1 17 26 1 7 0
0.351176 1 18 27 1 2 4172000
0.351176 1 18 27 1 2 4172000
0.351176 1 18 27 1 7 0
0.351176 1 18 27 1 7 0
0.35118 1 19 31 1 2 4176000
0.35118 1 19 31 1 2 4176000
0.35118 1 19 31 1 7 0
0.35118 1 19 31 1 7 0
0.351184 1 20 32 1 2 4180000
0.351184 1 20 32 1 2 4180000
0.351184 1 20 32 1 7 0
0.351184 1 20 32 1 7 0
0.351188 1 21 33 1 2 4184000
0.351188 1 21 33 1 2 4184000
0.351188 1 21 33 1 7 0
0.351188 1 21 33 1 7 0
0.351192 1 22 35 1 2 4188000
0.351192 1 22 35 1 2 4188000
0.351192 1 22 35 1 7 0
0.351192 1 22 35 1 7 0
0.351196 1 23 36 1 2 4192000
0.351196 1 23 36 1 2 4192000
0.351196 1 23 36 1 7 0
0.351196 1 23 36 1 7 0
0.3512 1 24 38 1 2 4196000
0.3512 1 24 38 1 2 4196000
0.3512 1 24 38 1 7 0
0.3512 1 24 38 1 7 0
0.351204 1 25 39 1 2 4200000
0.351204 1 25 39 1 2 4200000
0.351204 1 25 39 1 7 0
0.351204 1 25 39 1 7 0
0.351208 1 26 40 1 2 4204000
0.351208 1 26 40 1 2 4204000
0.351208 1 26 40 1 7 0
0.351208 1 26 40 1 7 0
0.351212 1 27 41 1 2 4208000
0.351212 1 27 41 1 2 4208000
0.351212 1 27 41 1 7 0
0.351212 1 27 41 1 7 0
0.352112 1 18 27 1 7 0
0.352112 1 18 27 1 7 0
0.35212 1 2 2 1 2 4116000
0.35212 1 2 2 1 2 4116000
0.35212 1 2 2 1 7 0
0.35212 1 2 2 1 7 0
0.352128 1 3 3 1 2 4124000
0.352128 1 3 3 1 2 4124000
0.352128 1 3 3 1 7 0
0.352128 1 3 3 1 7 0
0.352136 1 4 4 1 2 4132000
0.352136 1 4 4 1 2 4132000
0.352136 1 4 4 1 7 0
0.352136 1 4 4 1 7 0
0.352144 1 5 6 1 2 4140000
0.352144 1 5 6 1 2 4140000
0.352144 1 5 6 1 7 0
0.352144 1 5 6 1 7 0
0.352152 1 6 7 1 2 4148000
0.352152 1 6 7 1 2 4148000
0.352152 1 6 7 1 7 0
0.352152 1 6 7 1 7 0
0.35216 1 7 8 1 2 4156000
0.35216 1 7 8 1 2 4156000
0.35216 1 7 8 1 7 0
0.35216 1 7 8 1 7 0
0.352168 1 8 11 1 2 4164000
0.352168 1 8 11 1 2 4164000
0.352168 1 8 11 1 7 0
0.352168 1 8 11 1 7 0
0.352176 1 9 12 1 2 4172000
0.352176 1 9 12 1 2 4172000
0.352176 1 9 12 1 7 0
0.352176 1 9 12 1 7 0
0.352184 1 10 13 1 2 4180000
0.352184 1 10 13 1 2 4180000
0.352184 1 10 13 1 7 0
0.352184 1 10 13 1 7 0
0.352192 1 11 14 1 2 4188000
0.352192 1 11 14 1 2 4188000
0.352192 1 11 14 1 7 0
0.352192 1 11 14 1 7 0
0.3522 1 12 17 1 2 4196000
0.3522 1 12 17 1 2 4196000
0.3522 1 12 17 1 7 0
0.3522 1 12 17 1 7 0
0.352208 1 13 20 1 2 4204000
0.352208 1 13 20 1 2 4204000
0.352208 1 13 20 1 7 0
0.352208 1 13 20 1 7 0
0.352216 1 14 22 1 2 4212000
0.352216 1 14 22 1 2 4212000
0.352216 1 14 22 1 7 0
0.352216 1 14 22 1 7 0
0.352224 1 15 23 1 2 4220000
0.352224 1 15 23 1 2 4220000
0.352224 1 15 23 1 7 0
0.352224 1 15 23 1 7 0
0.352232 1 16 24 1 2 4228000
0.352232 1 16 24 1 2 4228000
0.352232 1 16 24 1 7 0
0.352232 1 16 24 1 7 0
0.35224 1 17 26 1 2 4236000
0.35224 1 17 26 1 2 4236000
0.35224 1 17 26 1 7 0
0.35224 1 17 26 1 7 0
0.352244 1 18 27 1 2 4240000
0.352244 1 18 27 1 2 4240000
0.352244 1 18 27 1 7 0
0.352244 1 18 27 1 7 0
0.352252 1 19 31 1 2 4248000
0.352252 1 19 31 1 2 4248000
0.352252 1 19 31 1 7 0
0.352252 1 19 31 1 7 0
0.35226 1 20 32 1 2 4256000
0.35226 1 20 32 1 2 4256000
0.35226 1 20 32 1 7 0
0.35226 1 20 32 1 7 0
0.352268 1 21 33 1 2 4264000
0.352268 1 21 33 1 2 4264000
0.352268 1 21 33 1 7 0
0.352268 1 21 33 1 7 0
0.352276 1 22 35 1 2 4272000
0.352276 1 22 35 1 2 4272000
0.352276 1 22 35 1 7 0
0.352276 1 22 35 1 7 0
0.352284 1 23 36 1 2 4280000
0.352284 1 23 36 1 2 4280000
0.352284 1 23 36 1 7 0
0.352284 1 23 36 1 7 0
0.352292 1 24 38 1 2 4288000
0.352292 1 24 38 1 2 4288000
0.352292 1 24 38 1 7 0
0.352292 1 24 38 1 7 0
0.352304 1 26 40 1 7 0
0.352304 1 26 40 1 7 0
0.352312 1 27 41 1 2 4308000
0.352312 1 27 41 1 2 4308000
0.352312 1 27 41 1 7 0
0.352312 1 27 41 1 7 0
0.353108 1 2 2 1 2 4104000
0.353108 1 2 2 1 2 4104000
0.353108 1 2 2 1 7 0
0.353108 1 2 2 1 7 0
0.353112 1 3 3 1 2 4108000
0.353112 1 3 3 1 2 4108000
0.353112 1 3 3 1 7 0
0.353112 1 3 3 1 7 0
0.353116 1 4 4 1 2 4112000
0.353116 1 4 4 1 2 4112000
0.353116 1 4 4 1 7 0
0.353116 1 4 4 1 7 0
0.35312 1 5 6 1 2 4116000
0.35312 1 5 6 1 2 4116000
0.35312 1 5 6 1 7 0
0.35312 1 5 6 1 7 0
0.353124 1 6 7 1 2 4120000
0.353124 1 6 7 1 2 4120000
0.353124 1 6 7 1 7 0
0.353124 1 6 7 1 7 0
0.353128 1 7 8 1 2 4124000
0.353128 1 7 8 1 2 4124000
0.353128 1 7 8 1 7 0
0.353128 1 7 8 1 7 0
0.353132 1 8 11 1 2 4128000
0.353132 1 8 11 1 2 4128000
0.353132 1 8 11 1 7 0
0.353132 1 8 11 1 7 0
0.353136 1 9 12 1 2 4132000
0.353136 1 9 12 1 2 4132000
0.353136 1 9 12 1 7 0
0.353136 1 9 12 1 7 0
0.35314 1 10 13 1 2 4136000
0.35314 1 10 13 1 2 4136000
0.35314 1 10 13 1 7 0
0.35314 1 10 13 1 7 0
0.353144 1 11 14 1 2 4140000
0.353144 1 11 14 1 2 4140000
0.353144 1 11 14 1 7 0
0.353144 1 11 14 1 7 0
0.353148 1 12 17 1 2 4144000
0.353148 1 12 17 1 2 4144000
0.353148 1 12 17 1 7 0
0.353148 1 12 17 1 7 0
0.353152 1 13 20 1 2 4148000
0.353152 1 13 20 1 2 4148000
0.353152 1 13 20 1 7 0
0.353152 1 13 20 1 7 0
0.353156 1 14 22 1 2 4152000
0.353156 1 14 22 1 2 4152000
0.353156 1 14 22 1 7 0
0.353156 1 14 22 1 7 0
0.35316 1 15 23 1 2 4156000
0.35316 1 15 23 1 2 4156000
0.35316 1 15 23 1 7 0
0.35316 1 15 23 1 7 0
0.353164 1 16 24 1 2 4160000
0.353164 1 16 24 1 2 4160000
0.353164 1 16 24 1 7 0
0.353164 1 16 24 1 7 0
0.353168 1 17 26 1 2 4164000
0.353168 1 17 26 1 2 4164000
0.353168 1 17 26 1 7 0
0.353168 1 17 26 1 7 0
0.353176 1 19 31 1 2 4172000
0.353176 1 19 31 1 2 4172000
0.353176 1 19 31 1 7 0
0.353176 1 19 31 1 7 0
0.35318 1 20 32 1 2 4176000
0.35318 1 20 32 1 2 4176000
0.35318 1 20 32 1 7 0
0.35318 1 20 32 1 7 0
0.353184 1 21 33 1 2 4180000
0.353184 1 21 33 1 2 4180000
0.353184 1 21 33 1 7 0
0.353184 1 21 33 1 7 0
0.353188 1 22 35 1 2 4184000
0.353188 1 22 35 1 2 4184000
0.353188 1 22 35 1 7 0
0.353188 1 22 35 1 7 0
0.353192 1 23 36 1 2 4188000
0.353192 1 23 36 1 2 4188000
0.353192 1 23 36 1 7 0
0.353192 1 23 36 1 7 0
0.353196 1 24 38 1 2 4192000
0.353196 1 24 38 1 2 4192000
0.353196 1 24 38 1 7 0
0.353196 1 24 38 1 7 0
0.3532 1 25 39 1 2 4196000
0.3532 1 25 39 1 2 4196000
0.3532 1 25 39 1 7 0
0.3532 1 25 39 1 7 0
0.35412 1 2 2 1 7 0
0.35412 1 2 2 1 7 0
0.354128 1 3 3 1 2 4124000
0.354128 1 3 3 1 2 4124000
0.354128 1 3 3 1 7 0
0.354128 1 3 3 1 7 0
0.354136 1 4 4 1 2 4132000
0.354136 1 4 4 1 2 4132000
0.354136 1 4 4 1 7 0
0.354136 1 4 4 1 7 0
0.354144 1 5 6 1 2 4140000
0.354144 1 5 6 1 2 4140000
0.354144 1 5 6 1 7 0
0.354144 1 5 6 1 7 0
0.354152 1 6 7 1 2 4148000
0.354152 1 6 7 1 2 4148000
0.354152 1 6 7 1 7 0
0.354152 1 6 7 1 7 0
0.35416 1 7 8 1 2 4156000
0.35416 1 7 8 1 2 4156000
0.35416 1 7 8 1 7 0
0.35416 1 7 8 1 7 0
0.354168 1 8 11 1 2 4164000
0.354168 1 8 11 1 2 4164000
0.354168 1 8 11 1 7 0
0.354168 1 8 11 1 7 0
0.354176 1 9 12 1 2 4172000
0.354176 1 9 12 1 2 4172000
0.354176 1 9 12 1 7 0
0.354176 1 9 12 1 7 0
0.354184 1 10 13 1 2 4180000
0.354184 1 10 13 1 2 4180000
0.354184 1 10 13 1 7 0
0.354184 1 10 13 1 7 0
0.354192 1 11 14 1 2 4188000
0.354192 1 11 14 1 2 4188000
0.354192 1 11 14 1 7 0
0.354192 1 11 14 1 7 0
0.3542 1 12 17 1 2 4196000
0.3542 1 12 17 1 2 4196000
0.3542 1 12 17 1 7 0
0.3542 1 12 17 1 7 0
0.354208 1 13 20 1 2 4204000
0.354208 1 13 20 1 2 4204000
0.354208 1 13 20 1 7 0
0.354208 1 13 20 1 7 0
0.354216 1 14 22 1 2 4212000
0.354216 1 14 22 1 2 4212000
0.354216 1 14 22 1 7 0
0.354216 1 14 22 1 7 0
0.354224 1 15 23 1 2 4220000
0.354224 1 15 23 1 2 4220000
0.354224 1 15 23 1 7 0
0.354224 1 15 23 1 7 0
0.354232 1 16 24 1 2 4228000
0.354232 1 16 24 1 2 4228000
0.354232 1 16 24 1 7 0
0.354232 1 16 24 1 7 0
0.35424 1 17 26 1 2 4236000
0.35424 1 17 26 1 2 4236000
0.35424 1 17 26 1 7 0
0.35424 1 17 26 1 7 0
0.354248 1 18 27 1 7 0
0.354248 1 18 27 1 7 0
0.354256 1 19 31 1 2 4252000
0.354256 1 19 31 1 2 4252000
0.354256 1 19 31 1 7 0
0.354256 1 19 31 1 7 0
0.354264 1 20 32 1 2 4260000
0.354264 1 20 32 1 2 4260000
0.354264 1 20 32 1 7 0
0.354264 1 20 32 1 7 0
0.354272 1 21 33 1 2 4268000
0.354272 1 21 33 1 2 4268000
0.354272 1 21 33 1 7 0
0.354272 1 21 33 1 7 0
0.35428 1 22 35 1 2 4276000
0.35428 1 22 35 1 2 4276000
0.35428 1 22 35 1 7 0
0.35428 1 22 35 1 7 0
0.354288 1 23 36 1 2 4284000
0.354288 1 23 36 1 2 4284000
0.354288 1 23 36 1 7 0
0.354288 1 23 36 1 7 0
0.354296 1 24 38 1 2 4292000
0.354296 1 24 38 1 2 4292000
0.354296 1 24 38 1 7 0
0.354296 1 24 38 1 7 0
0.354304 1 25 39 1 2 4300000
0.354304 1 25 39 1 2 4300000
0.354304 1 25 39 1 7 0
0.354304 1 25 39 1 7 0
0.354312 1 26 40 1 2 4308000
0.354312 1 26 40 1 2 4308000
0.354312 1 26 40 1 7 0
0.354312 1 26 40 1 7 0
0.35432 1 27 41 1 2 4316000
0.35432 1 27 41 1 2 4316000
0.35432 1 27 41 1 7 0
0.35432 1 27 41 1 7 0
0.355116 2 2 9 1 2 3112000
0.355116 2 2 9 1 7 3112000
0.356116 2 1 5 1 2 3112000
0.356116 2 1 5 1 7 3112000
0.356124 2 2 9 1 2 3120000
0.356124 2 2 9 1 2 3120000
0.356124 2 2 9 1 7 0
0.356124 2 2 9 1 7 0
0.356132 2 3 10 1 2 3128000
0.356132 2 3 10 1 7 3128000
0.357112 2 1 5 1 2 3108000
0.357112 2 1 5 1 2 3108000
0.357112 2 1 5 1 7 0
0.357112 2 1 5 1 7 0
0.357116 1 26 40 1 2 4112000
0.357116 1 26 40 1 2 4112000
0.35712 2 2 9 1 2 3116000
0.35712 2 2 9 1 2 3116000
0.35712 2 2 9 1 7 0
0.35712 2 2 9 1 7 0
0.357128 2 3 10 1 2 3124000
0.357128 2 3 10 1 2 3124000
0.357128 2 3 10 1 7 0
0.357128 2 3 10 1 7 0
0.357136 2 4 15 1 2 3132000
0.357136 2 4 15 1 7 3132000
0.358108 1 18 27 1 2 9104000
0.358108 1 18 27 1 2 9104000
0.358108 1 18 27 1 7 0
0.358108 1 18 27 1 7 0
0.358116 1 2 2 1 7 0
0.358116 1 2 2 1 7 0
0.358124 2 1 5 1 2 3120000
0.358124 2 1 5 1 2 3120000
0.358124 2 1 5 1 7 0
0.358124 2 1 5 1 7 0
0.358132 2 2 9 1 2 3128000
0.358132 2 2 9 1 2 3128000
0.358132 2 2 9 1 7 0
0.358132 2 2 9 1 7 0
0.35814 2 3 10 1 2 3136000
0.35814 2 3 10 1 2 3136000
0.35814 2 3 10 1 7 0
0.35814 2 3 10 1 7 0
0.358144 2 4 15 1 7 0
0.358144 2 4 15 1 7 0
0.358152 2 5 16 1 2 3148000
0.358152 2 5 16 1 7 3148000
0.35912 2 1 5 1 7 0
0.35912 2 1 5 1 7 0
0.359128 2 2 9 1 2 3124000
0.359128 2 2 9 1 2 3124000
0.359128 2 2 9 1 7 0
0.359128 2 2 9 1 7 0
0.359136 2 3 10 1 2 3132000
0.359136 2 3 10 1 2 3132000
0.359136 2 3 10 1 7 0
0.359136 2 3 10 1 7 0
0.359148 2 5 16 1 2 3144000
0.359148 2 5 16 1 2 3144000
0.359148 2 5 16 1 7 0
0.359148 2 5 16 1 7 0
0.359156 2 6 18 1 2 3152000
0.359156 2 6 18 1 7 3152000
0.359164 2 7 19 1 2 3160000
0.359164 2 7 19 1 7 3160000
0.359172 2 8 21 1 2 3168000
0.359172 2 8 21 1 7 3168000
0.35918 2 9 25 1 2 3176000
0.35918 2 9 25 1 7 3176000
0.359188 2 10 28 1 2 3184000
0.359188 2 10 28 1 7 3184000
0.359196 2 11 29 1 2 3192000
0.359196 2 11 29 1 7 3192000
0.359208 2 13 34 1 2 3204000
0.359208 2 13 34 1 7 3204000
0.360132 2 14 37 1 2 3128000
0.360132 2 14 37 1 7 3128000
0.36014 2 2 9 1 2 3136000
0.36014 2 2 9 1 2 3136000
0.36014 2 2 9 1 7 0
0.36014 2 2 9 1 7 0
0.360148 2 3 10 1 2 3144000
0.360148 2 3 10 1 2 3144000
0.360148 2 3 10 1 7 0
0.360148 2 3 10 1 7 0
0.360152 2 4 15 1 2 3148000
0.360152 2 4 15 1 2 3148000
0.360152 2 4 15 1 7 0
0.360152 2 4 15 1 7 0
0.360156 2 5 16 1 7 0
0.360156 2 5 16 1 7 0
0.360164 2 6 18 1 2 3160000
0.360164 2 6 18 1 2 3160000
0.360164 2 6 18 1 7 0
0.360164 2 6 18 1 7 0
0.360168 2 7 19 1 7 0
0.360168 2 7 19 1 7 0
0.360176 2 8 21 1 2 3172000
0.360176 2 8 21 1 2 3172000
0.360176 2 8 21 1 7 0
0.360176 2 8 21 1 7 0
0.360184 2 9 25 1 7 0
0.360184 2 9 25 1 7 0
0.360192 2 10 28 1 2 3188000
0.360192 2 10 28 1 2 3188000
0.360192 2 10 28 1 7 0
0.360192 2 10 28 1 7 0
0.3602 2 11 29 1 2 3196000
0.3602 2 11 29 1 2 3196000
0.3602 2 11 29 1 7 0
0.3602 2 11 29 1 7 0
0.360204 2 12 30 1 2 3200000
0.360204 2 12 30 1 7 3200000
0.360212 2 13 34 1 2 3208000
0.360212 2 13 34 1 2 3208000
0.360212 2 13 34 1 7 0
0.360212 2 13 34 1 7 0
0.361116 2 14 37 1 2 3112000
0.361116 2 14 37 1 2 3112000
0.361116 2 14 37 1 7 0
0.361116 2 14 37 1 7 0
0.36112 2 1 5 1 2 3116000
0.36112 2 1 5 1 2 3116000
0.36112 2 1 5 1 7 0
0.36112 2 1 5 1 7 0
0.361128 2 2 9 1 2 3124000
0.361128 2 2 9 1 2 3124000
0.361128 2 2 9 1 7 0
0.361128 2 2 9 1 7 0
0.361132 2 3 10 1 2 3128000
0.361132 2 3 10 1 2 3128000
0.361132 2 3 10 1 7 0
0.361132 2 3 10 1 7 0
0.36114 2 4 15 1 2 3136000
0.36114 2 4 15 1 2 3136000
0.36114 2 4 15 1 7 0
0.36114 2 4 15 1 7 0
0.361152 2 6 18 1 2 3148000
0.361152 2 6 18 1 2 3148000
0.361152 2 6 18 1 7 0
0.361152 2 6 18 1 7 0
0.361164 2 8 21 1 2 3160000
0.361164 2 8 21 1 2 3160000
0.361164 2 8 21 1 7 0
0.361164 2 8 21 1 7 0
0.361176 2 10 28 1 2 3172000
0.361176 2 10 28 1 2 3172000
0.361176 2 10 28 1 7 0
0.361176 2 10 28 1 7 0
0.361184 2 11 29 1 2 3180000
0.361184 2 11 29 1 2 3180000
0.361184 2 11 29 1 7 0
0.361184 2 11 29 1 7 0
0.361192 2 12 30 1 2 3188000
0.361192 2 12 30 1 2 3188000
0.361192 2 12 30 1 7 0
0.361192 2 12 30 1 7 0
0.3612 2 13 34 1 2 3196000
0.3612 2 13 34 1 2 3196000
0.3612 2 13 34 1 7 0
0.3612 2 13 34 1 7 0
0.362132 2 14 37 1 7 0
0.362132 2 14 37 1 7 0
0.36214 2 1 5 1 2 3136000
0.36214 2 1 5 1 2 3136000
0.36214 2 1 5 1 7 0
0.36214 2 1 5 1 7 0
0.362144 2 2 9 1 2 3140000
0.362144 2 2 9 1 2 3140000
0.362144 2 2 9 1 7 0
0.362144 2 2 9 1 7 0
0.362152 2 3 10 1 2 3148000
0.362152 2 3 10 1 2 3148000
0.362152 2 3 10 1 7 0
0.362152 2 3 10 1 7 0
0.362156 2 4 15 1 2 3152000
0.362156 2 4 15 1 2 3152000
0.362156 2 4 15 1 7 0
0.362156 2 4 15 1 7 0
0.36216 2 5 16 1 2 3156000
0.36216 2 5 16 1 2 3156000
0.36216 2 5 16 1 7 0
0.36216 2 5 16 1 7 0
0.362168 2 6 18 1 2 3164000
0.362168 2 6 18 1 2 3164000
0.362168 2 6 18 1 7 0
0.362168 2 6 18 1 7 0
0.362172 2 7 19 1 2 3168000
0.362172 2 7 19 1 2 3168000
0.362172 2 7 19 1 7 0
0.362172 2 7 19 1 7 0
0.36218 2 8 21 1 2 3176000
0.36218 2 8 21 1 2 3176000
0.36218 2 8 21 1 7 0
0.36218 2 8 21 1 7 0
0.362188 2 9 25 1 2 3184000
0.362188 2 9 25 1 2 3184000
0.362188 2 9 25 1 7 0
0.362188 2 9 25 1 7 0
0.362196 2 10 28 1 2 3192000
0.362196 2 10 28 1 2 3192000
0.362196 2 10 28 1 7 0
0.362196 2 10 28 1 7 0
0.362204 2 11 29 1 2 3200000
0.362204 2 11 29 1 2 3200000
0.362204 2 11 29 1 7 0
0.362204 2 11 29 1 7 0
0.362208 2 12 30 1 7 0
0.362208 2 12 30 1 7 0
0.362216 2 13 34 1 2 3212000
0.362216 2 13 34 1 2 3212000
0.362216 2 13 34 1 7 0
0.362216 2 13 34 1 7 0
0.363116 2 1 5 1 2 3112000
0.363116 2 1 5 1 2 3112000
0.363116 2 1 5 1 7 0
0.363116 2 1 5 1 7 0
0.363128 2 3 10 1 2 3124000
0.363128 2 3 10 1 2 3124000
0.363128 2 3 10 1 7 0
0.363128 2 3 10 1 7 0
0.363132 2 4 15 1 7 0
0.363132 2 4 15 1 7 0
0.36314 2 5 16 1 2 3136000
0.36314 2 5 16 1 2 3136000
0.36314 2 5 16 1 7 0
0.36314 2 5 16 1 7 0
0.363148 2 6 18 1 2 3144000
0.363148 2 6 18 1 2 3144000
0.363148 2 6 18 1 7 0
0.363148 2 6 18 1 7 0
0.363156 2 7 19 1 2 3152000
0.363156 2 7 19 1 2 3152000
0.363156 2 7 19 1 7 0
0.363156 2 7 19 1 7 0
0.363164 2 8 21 1 2 3160000
0.363164 2 8 21 1 2 3160000
0.363164 2 8 21 1 7 0
0.363164 2 8 21 1 7 0
0.363172 2 9 25 1 2 3168000
0.363172 2 9 25 1 2 3168000
0.363172 2 9 25 1 7 0
0.363172 2 9 25 1 7 0
0.36318 2 10 28 1 2 3176000
0.36318 2 10 28 1 2 3176000
0.36318 2 10 28 1 7 0
0.36318 2 10 28 1 7 0
0.363188 2 11 29 1 2 3184000
0.363188 2 11 29 1 2 3184000
0.363188 2 11 29 1 7 0
0.363188 2 11 29 1 7 0
0.3632 2 13 34 1 2 3196000
0.3632 2 13 34 1 2 3196000
0.3632 2 13 34 1 7 0
0.3632 2 13 34 1 7 0
0.364128 1 18 27 1 2 9124000
0.364128 1 18 27 1 2 9124000
0.364136 2 5 16 1 2 3132000
0.364136 2 5 16 1 2 3132000
0.364136 2 5 16 1 7 0
0.364136 2 5 16 1 7 0
0.36414 2 6 18 1 2 3136000
0.36414 2 6 18 1 2 3136000
0.36414 2 6 18 1 7 0
0.36414 2 6 18 1 7 0
0.364144 2 7 19 1 2 3140000
0.364144 2 7 19 1 2 3140000
0.364144 2 7 19 1 7 0
0.364144 2 7 19 1 7 0
0.364148 2 8 21 1 2 3144000
0.364148 2 8 21 1 2 3144000
0.364148 2 8 21 1 7 0
0.364148 2 8 21 1 7 0
0.364152 2 9 25 1 2 3148000
0.364152 2 9 25 1 2 3148000
0.364152 2 9 25 1 7 0
0.364152 2 9 25 1 7 0
0.364156 2 10 28 1 2 3152000
0.364156 2 10 28 1 2 3152000
0.364156 2 10 28 1 7 0
0.364156 2 10 28 1 7 0
0.36416 2 11 29 1 2 3156000
0.36416 2 11 29 1 2 3156000
0.36416 2 11 29 1 7 0
0.36416 2 11 29 1 7 0
0.364168 2 12 30 1 2 3164000
0.364168 2 12 30 1 2 3164000
0.364168 2 12 30 1 7 0
0.364168 2 12 30 1 7 0
0.364172 2 13 34 1 2 3168000
0.364172 2 13 34 1 2 3168000
0.364172 2 13 34 1 7 0
0.364172 2 13 34 1 7 0
0.365116 2 14 37 1 7 0
0.365116 2 14 37 1 7 0
0.365128 2 5 16 1 2 3124000
0.365128 2 5 16 1 2 3124000
0.365128 2 5 16 1 7 0
0.365128 2 5 16 1 7 0
0.365136 2 6 18 1 2 3132000
0.365136 2 6 18 1 2 3132000
0.365136 2 6 18 1 7 0
0.365136 2 6 18 1 7 0
0.36514 2 7 19 1 2 3136000
0.36514 2 7 19 1 2 3136000
0.36514 2 7 19 1 7 0
0.36514 2 7 19 1 7 0
0.365148 2 8 21 1 2 3144000
0.365148 2 8 21 1 2 3144000
0.365148 2 8 21 1 7 0
0.365148 2 8 21 1 7 0
0.365152 2 9 25 1 2 3148000
0.365152 2 9 25 1 2 3148000
0.365152 2 9 25 1 7 0
0.365152 2 9 25 1 7 0
0.36516 2 10 28 1 2 3156000
0.36516 2 10 28 1 2 3156000
0.36516 2 10 28 1 7 0
0.36516 2 10 28 1 7 0
0.365168 2 11 29 1 2 3164000
0.365168 2 11 29 1 2 3164000
0.365168 2 11 29 1 7 0
0.365168 2 11 29 1 7 0
0.365172 2 12 30 1 2 3168000
0.365172 2 12 30 1 2 3168000
0.365172 2 12 30 1 7 0
0.365172 2 12 30 1 7 0
0.36518 2 13 34 1 2 3176000
0.36518 2 13 34 1 2 3176000
0.36518 2 13 34 1 7 0
0.36518 2 13 34 1 7 0
0.36612 2 14 37 1 2 3116000
0.36612 2 14 37 1 2 3116000
0.36612 2 14 37 1 7 0
0.36612 2 14 37 1 7 0
0.366124 2 1 5 1 2 3120000
0.366124 2 1 5 1 2 3120000
0.366132 2 4 15 1 7 0
0.366132 2 4 15 1 7 0
0.36614 2 5 16 1 2 3136000
0.36614 2 5 16 1 2 3136000
0.36614 2 5 16 1 7 0
0.36614 2 5 16 1 7 0
0.366144 2 6 18 1 2 3140000
0.366144 2 6 18 1 2 3140000
0.366144 2 6 18 1 7 0
0.366144 2 6 18 1 7 0
0.366152 2 7 19 1 2 3148000
0.366152 2 7 19 1 2 3148000
0.366152 2 7 19 1 7 0
0.366152 2 7 19 1 7 0
0.366156 2 8 21 1 2 3152000
0.366156 2 8 21 1 2 3152000
0.366156 2 8 21 1 7 0
0.366156 2 8 21 1 7 0
0.366164 2 9 25 1 2 3160000
0.366164 2 9 25 1 2 3160000
0.366164 2 9 25 1 7 0
0.366164 2 9 25 1 7 0
0.366168 2 10 28 1 2 3164000
0.366168 2 10 28 1 2 3164000
0.366168 2 10 28 1 7 0
0.366168 2 10 28 1 7 0
0.366172 2 11 29 1 2 3168000
0.366172 2 11 29 1 2 3168000
0.366172 2 11 29 1 7 0
0.366172 2 11 29 1 7 0
0.366176 2 12 30 1 7 0
0.366176 2 12 30 1 7 0
0.36618 2 13 34 1 2 3176000
0.36618 2 13 34 1 2 3176000
0.36618 2 13 34 1 7 0
0.36618 2 13 34 1 7 0
0.367112 1 2 2 1 7 0
0.367112 1 2 2 1 7 0
0.36712 2 14 37 1 7 0
0.36712 2 14 37 1 7 0
0.367128 2 4 15 1 7 0
0.367128 2 4 15 1 7 0
0.367132 2 5 16 1 7 0
0.367132 2 5 16 1 7 0
0.370116 2 14 37 1 7 0
0.370116 2 14 37 1 7 0
0.371112 2 14 37 1 7 0
0.371112 2 14 37 1 7 0
0.372112 2 4 15 1 2 3108000
0.372112 2 4 15 1 2 3108000
0.373116 2 14 37 1 7 0
0.373116 2 14 37 1 7 0
0.37312 2 9 25 1 2 3116000
0.37312 2 9 25 1 2 3116000
0.374116 2 14 37 1 7 0
0.374116 2 14 37 1 7 0
0.376112 2 14 37 1 7 0
0.376112 2 14 37 1 7 0
0.377112 2 14 37 1 7 0
0.377112 2 14 37 1 7 0
